0.3  0.3
0.973077  0.973077
0.98206  0.98206
0.988043  0.988043
0.992029  0.992029
0.994686  0.994686
0.996458  0.996458
0.997638  0.997638
0.998426  0.998426
0.99895  0.99895
0.9993  0.9993
0.999534  0.999534
0.999689  0.999689
0.999793  0.999793
0.999862  0.999862
0.999908  0.999908
0.999939  0.999939
0.999959  0.999959
0.999973  0.999973
0.999982  0.999982
0.999988  0.999988
0.999992  0.999992
0.999995  0.999995
0.999996  0.999996
0.999998  0.999998
0.999998  0.999998
0.999999  0.999999
0.999999  0.999999
1  1
1  1
1  1
1  1
1  1
1  1
1  1
1  1
1  1
1  1
1  1
1  1
1  1
1  1
1  1
1  1
1  1
1  1
1  1
1  1
1  1
1  1
1  1
1  1
1  1
1  1
1  1
1  1
1  1
1  1
1  1
1  1
1  1
