3  7
5  17
7  30
9  46
11  66
13  87
15  120
17  154
19  198
21  239
23  289
25  340
27  391
29  450
31  506
33  552
35  611
37  665
39  728
41  793
43  866
45  934
47  1011
49  1076
51  1139
53  1192
55  1244
57  1310
59  1374
61  1440
63  1489
65  1545
67  1615
69  1673
71  1727
73  1791
75  1864
77  1942
79  2021
81  2103
83  2195
85  2287
87  2380
89  2470
91  2569
93  2660
95  2750
97  2831
99  2915
101  3011
103  3123
105  3218
107  3344
109  3474
111  3604
113  3728
115  3853
117  3966
119  4103
121  4244
123  4376
125  4506
127  4631
129  4772
131  4886
133  5013
135  5153
137  5297
139  5431
141  5545
143  5685
145  5838
147  6003
149  6193
151  6370
153  6538
155  6703
157  6894
159  7082
161  7269
163  7441
165  7585
167  7732
169  7905
171  8076
173  8239
175  8409
177  8574
179  8747
181  8929
183  9111
185  9320
187  9524
189  9743
191  9922
193  10115
195  10323
197  10514
199  10725
201  10927
203  11151
205  11360
207  11586
209  11808
211  12059
213  12332
215  12617
217  12883
219  13151
221  13427
223  13681
225  13928
227  14180
229  14451
231  14737
233  15003
235  15278
237  15552
239  15832
241  16088
243  16347
245  16626
247  16895
249  17204
251  17501
253  17789
255  18071
257  18355
259  18620
261  18903
263  19170
265  19424
267  19675
269  19917
271  20164
273  20418
275  20673
277  20933
279  21205
281  21485
283  21790
285  22085
287  22379
289  22661
291  22945
293  23226
295  23497
297  23803
299  24105
301  24412
303  24702
305  24995
307  25281
309  25569
311  25876
313  26186
315  26470
317  26743
319  27035
321  27348
323  27663
325  27968
327  28294
329  28608
331  28923
333  29229
335  29516
337  29817
339  30118
341  30435
343  30757
345  31088
347  31441
349  31781
351  32131
353  32479
355  32823
357  33162
359  33480
361  33828
363  34198
365  34560
367  34963
369  35340
371  35727
373  36130
375  36535
377  36944
379  37358
381  37786
383  38201
385  38595
387  39017
389  39450
391  39886
393  40317
395  40739
397  41141
399  41559
401  41974
403  42361
405  42751
407  43163
409  43597
411  44041
413  44474
415  44899
417  45329
419  45783
421  46216
423  46622
425  47041
427  47431
429  47846
431  48261
433  48688
435  49123
437  49543
439  49978
441  50403
443  50815
445  51255
447  51687
449  52149
451  52612
453  53053
455  53522
457  53962
459  54462
461  54934
463  55417
465  55911
467  56363
469  56803
471  57269
473  57703
475  58159
477  58633
479  59104
481  59542
483  60008
485  60478
487  60940
489  61432
491  61919
493  62415
495  62903
497  63425
499  63939
501  64428
503  64937
505  65475
507  66014
509  66532
511  67040
513  67579
515  68112
517  68622
519  69175
521  69719
523  70309
525  70869
527  71412
529  71954
531  72513
533  73083
535  73641
537  74195
539  74746
541  75286
543  75826
545  76411
547  76975
549  77542
551  78147
553  78717
555  79312
557  79874
559  80474
561  81048
563  81656
565  82255
567  82850
569  83464
571  84092
573  84707
575  85319
577  85982
579  86630
581  87282
583  87859
585  88460
587  89048
589  89624
591  90189
593  90755
595  91373
597  91999
599  92598
601  93208
603  93814
605  94408
607  95022
609  95611
611  96166
613  96701
615  97289
617  97902
619  98455
621  99025
623  99573
625  100116
627  100669
629  101212
631  101817
633  102419
635  103009
637  103602
639  104181
641  104776
643  105396
645  106026
647  106602
649  107201
651  107795
653  108381
655  108946
657  109484
659  110032
661  110604
663  111146
665  111710
667  112280
669  112863
671  113418
673  113963
675  114490
677  114979
679  115484
681  115988
683  116528
685  117047
687  117571
689  118104
691  118623
693  119137
695  119638
697  120136
699  120652
701  121184
703  121708
705  122213
707  122722
709  123227
711  123756
713  124270
715  124766
717  125274
719  125752
721  126239
723  126725
725  127210
727  127703
729  128135
731  128624
733  129091
735  129573
737  130035
739  130532
741  131010
743  131518
745  131995
747  132462
749  132957
751  133434
753  133933
755  134421
757  134912
759  135361
761  135822
763  136256
765  136698
767  137099
769  137539
771  137992
773  138469
775  138910
777  139387
779  139865
781  140326
783  140795
785  141270
787  141771
789  142227
791  142705
793  143156
795  143645
797  144155
799  144709
801  145222
803  145756
805  146291
807  146812
809  147323
811  147867
813  148426
815  148951
817  149477
819  149984
821  150523
823  151008
825  151501
827  152019
829  152523
831  153027
833  153521
835  153996
837  154454
839  154981
841  155473
843  155949
845  156417
847  156905
849  157348
851  157774
853  158214
855  158624
857  159043
859  159438
861  159811
863  160194
865  160551
867  160915
869  161258
871  161590
873  161916
875  162237
877  162569
879  162904
881  163260
883  163629
885  163966
887  164282
889  164631
891  165001
893  165328
895  165661
897  165990
899  166340
901  166681
903  167006
905  167336
907  167676
909  168020
911  168365
913  168743
915  169111
917  169499
919  169879
921  170269
923  170618
925  170986
927  171351
929  171714
931  172081
933  172474
935  172847
937  173236
939  173594
941  173946
943  174326
945  174669
947  174988
949  175296
951  175597
953  175910
955  176204
957  176502
959  176829
961  177161
963  177474
965  177799
967  178125
969  178472
971  178800
973  179149
975  179493
977  179826
979  180159
981  180485
983  180807
985  181113
987  181390
989  181662
991  181921
993  182139
995  182371
997  182554
999  182715
1001  182829
