3  9
5  24
7  45
9  71
11  107
13  141
15  179
17  232
19  290
21  353
23  420
25  503
27  577
29  667
31  758
33  863
35  960
37  1072
39  1188
41  1321
43  1460
45  1598
47  1744
49  1895
51  2059
53  2217
55  2389
57  2565
59  2745
61  2933
63  3132
65  3345
67  3552
69  3763
71  3977
73  4202
75  4438
77  4669
79  4925
81  5179
83  5450
85  5719
87  5979
89  6269
91  6551
93  6844
95  7155
97  7478
99  7803
101  8123
103  8450
105  8781
107  9132
109  9491
111  9835
113  10186
115  10550
117  10916
119  11287
121  11663
123  12049
125  12463
127  12869
129  13279
131  13702
133  14133
135  14567
137  15020
139  15472
141  15922
143  16374
145  16847
147  17293
149  17763
151  18246
153  18722
155  19210
157  19704
159  20218
161  20734
163  21267
165  21814
167  22341
169  22871
171  23415
173  23973
175  24538
177  25084
179  25660
181  26237
183  26820
185  27377
187  27970
189  28570
191  29197
193  29826
195  30452
197  31073
199  31705
201  32344
203  32998
205  33646
207  34290
209  34957
211  35624
213  36292
215  36979
217  37682
219  38377
221  39088
223  39802
225  40506
227  41228
229  41976
231  42725
233  43470
235  44219
237  44984
239  45725
241  46491
243  47277
245  48046
247  48825
249  49603
251  50414
253  51221
255  52046
257  52863
259  53690
261  54518
263  55362
265  56197
267  57052
269  57914
271  58792
273  59669
275  60540
277  61416
279  62287
281  63205
283  64137
285  65027
287  65918
289  66819
291  67748
293  68688
295  69637
297  70596
299  71526
301  72459
303  73431
305  74410
307  75392
309  76375
311  77397
313  78392
315  79411
317  80425
319  81449
321  82474
323  83506
325  84556
327  85605
329  86639
331  87697
333  88755
335  89817
337  90871
339  91948
341  93022
343  94094
345  95196
347  96303
349  97420
351  98524
353  99672
355  100781
357  101925
359  103061
361  104219
363  105338
365  106497
367  107674
369  108846
371  110039
373  111228
375  112419
377  113615
379  114796
381  116016
383  117253
385  118488
387  119725
389  120964
391  122199
393  123461
395  124682
397  125958
399  127224
401  128522
403  129810
405  131093
407  132377
409  133658
411  134985
413  136291
415  137629
417  138940
419  140295
421  141632
423  142990
425  144343
427  145692
429  147061
431  148461
433  149841
435  151241
437  152645
439  154020
441  155427
443  156858
445  158275
447  159704
449  161150
451  162569
453  164034
455  165483
457  166943
459  168418
461  169899
463  171365
465  172884
467  174365
469  175857
471  177353
473  178858
475  180397
477  181939
479  183471
481  185021
483  186559
485  188075
487  189634
489  191170
491  192727
493  194283
495  195851
497  197425
499  199015
501  200590
503  202229
505  203833
507  205461
509  207093
511  208743
513  210353
515  211980
517  213616
519  215222
521  216916
523  218594
525  220249
527  221906
529  223570
531  225265
533  226962
535  228665
537  230350
539  232064
541  233779
543  235494
545  237220
547  238965
549  240696
551  242455
553  244181
555  245968
557  247736
559  249525
561  251304
563  253134
565  254920
567  256735
569  258552
571  260383
573  262165
575  263997
577  265854
579  267726
581  269592
583  271432
585  273298
587  275166
589  277051
591  278921
593  280842
595  282737
597  284648
599  286568
601  288454
603  290388
605  292327
607  294274
609  296213
611  298176
613  300146
615  302116
617  304112
619  306031
621  308007
623  310007
625  312029
627  314070
629  316080
631  318119
633  320096
635  322123
637  324153
639  326153
641  328159
643  330203
645  332272
647  334309
649  336391
651  338477
653  340536
655  342620
657  344743
659  346844
661  348957
663  351060
665  353184
667  355308
669  357431
671  359571
673  361740
675  363913
677  366113
679  368273
681  370402
683  372585
685  374744
687  376951
689  379167
691  381385
693  383648
695  385849
697  388085
699  390316
701  392545
703  394808
705  397053
707  399291
709  401572
711  403838
713  406101
715  408361
717  410641
719  412952
721  415280
723  417592
725  419894
727  422236
729  424600
731  426923
733  429241
735  431564
737  433916
739  436262
741  438654
743  441009
745  443385
747  445791
749  448185
751  450595
753  452987
755  455445
757  457865
759  460285
761  462740
763  465157
765  467572
767  470050
769  472503
771  474940
773  477377
775  479867
777  482307
779  484792
781  487277
783  489796
785  492244
787  494770
789  497249
791  499780
793  502330
795  504847
797  507400
799  509970
801  512514
803  515067
805  517616
807  520168
809  522753
811  525294
813  527874
815  530481
817  533098
819  535668
821  538285
823  540924
825  543559
827  546220
829  548840
831  551454
833  554112
835  556751
837  559411
839  562074
841  564764
843  567470
845  570189
847  572878
849  575606
851  578383
853  581087
855  583813
857  586552
859  589263
861  592007
863  594784
865  597553
867  600328
869  603097
871  605852
873  608653
875  611442
877  614263
879  617059
881  619880
883  622730
885  625512
887  628351
889  631175
891  634028
893  636867
895  639724
897  642599
899  645451
901  648343
903  651249
905  654133
907  657018
909  659955
911  662854
913  665783
915  668702
917  671643
919  674552
921  677449
923  680336
925  683306
927  686288
929  689210
931  692230
933  695210
935  698174
937  701185
939  704179
941  707204
943  710229
945  713209
947  716236
949  719244
951  722297
953  725338
955  728350
957  731431
959  734473
961  737512
963  740619
965  743695
967  746740
969  749832
971  752894
973  755976
975  759070
977  762207
979  765340
981  768469
983  771635
985  774751
987  777942
989  781083
991  784190
993  787360
995  790541
997  793708
999  796903
1001  800009
