7.89014e-05
0.0102289
0.408633
0.483831
0.289504
0.346058
0.249959
0.557342
0.403827
0.41091
0.286073
0.184626
0.509488
0.535399
0.379322
0.279481
0.280629
0.244805
0.320807
0.18147
0.506947
0.412442
0.518457
0.484356
0.157905
0.414213
0.204209
0.523976
0.384559
0.3876
0.378472
0.272612
0.0626166
0.0856114
0.562356
0.539809
0.50014
0.42626
0.49483
0.445521
0.331014
0.345786
0.291589
0.334606
0.451685
0.340286
0.12965
0.410216
0.224047
0.380072
0.323748
0.247718
0.143546
0.560376
0.416923
0.168436
0.562297
0.371565
0.472562
0.243806
0.416012
0.562899
0.2459
0.466699
0.35655
0.373802
0.487631
0.238078
0.508016
0.506546
0.176133
0.0972274
0.206504
0.450447
0.347942
0.281751
0.401616
0.407296
0.181532
0.559544
0.333107
0.494536
0.290624
0.460582
0.539715
0.385296
0.374591
0.541572
0.385678
0.55773
0.31917
0.502789
0.524883
0.486199
0.421256
0.513
0.411211
0.312803
0.33064
0.314798
0.377026
0.424744
0.455748
0.14152
0.394837
0.381084
0.0549963
0.472386
0.351548
0.377161
0.545885
0.199592
0.369228
0.305143
0.361687
0.278501
0.341166
0.475474
0.54571
0.0753117
0.390044
0.511392
0.411782
0.200254
0.356966
0.202484
0.508529
0.353097
0.155796
0.436155
0.327357
0.284123
0.350736
0.316184
0.443002
0.25496
0.300912
0.561113
0.250023
0.458988
0.404559
0.499734
0.201196
0.337637
0.266047
0.308408
0.231387
0.551762
0.480637
0.433108
0.405907
0.394643
0.341321
0.305546
0.352247
0.36059
0.369665
0.320105
0.335044
0.185951
0.481735
0.360973
0.0568006
0.334348
0.413253
0.247059
0.526328
0.539057
0.554195
0.502871
0.272421
0.40288
0.250561
0.526632
0.508503
0.559848
0.331021
0.447246
0.463389
0.532982
0.197793
0.465247
0.563232
0.557285
0.203675
0.342781
0.113446
0.415697
0.235828
0.401041
0.222918
0.50242
0.282178
0.262537
0.327804
0.487111
0.363142
0.552051
0.427827
0.379257
0.450395
0.546186
0.396011
0.382698
0.1649
0.489685
0.21944
0.426656
0.439292
0.331014
0.351973
0.265888
0.509573
0.391543
0.454655
0.402547
0.134672
0.447902
0.463354
0.220011
0.505219
0.260572
0.125488
0.382467
0.484725
0.553866
0.412905
0.116339
0.453485
0.348384
0.398393
0.341823
0.348149
0.518879
0.51899
0.539559
0.419639
0.129079
0.483028
0.288102
0.442699
0.0858848
0.38616
0.450057
0.529045
0.327346
0.530397
0.553625
0.379053
0.391089
0.531272
0.0891915
0.108404
0.391201
0.417679
0.359251
0.416277
0.459999
0.431007
0.444601
0.203136
0.496572
0.506432
0.555963
0.371243
0.167559
0.375098
0.559029
0.555366
0.35885
0.324385
0.561562
0.503646
0.344964
0.312614
0.150436
0.54393
0.44723
0.541839
0.486419
0.520324
0.216044
0.388956
0.134226
0.306902
0.282252
0.369316
0.482409
0.479407
0.277788
0.369523
0.501748
0.445927
0.396282
0.504968
0.508136
0.292493
0.261754
0.457701
0.271929
0.347942
0.277658
0.445495
0.195333
0.438494
0.343419
0.19955
0.412408
0.351735
0.35371
0.544772
0.0943569
0.175877
0.290038
0.470527
0.518928
0.40901
0.0501492
0.501743
0.349459
0.203014
0.223664
0.351025
0.109775
0.294412
0.466593
0.251699
0.127452
0.472373
0.491691
0.17445
0.526663
0.418225
0.401622
0.49455
0.560692
0.303254
0.482145
0.302279
0.410412
0.459991
0.261564
0.357694
0.431643
0.437584
0.29438
0.465112
0.333439
0.393662
0.40114
0.328121
0.478765
0.497297
0.528348
0.372907
0.3713
0.317425
0.214194
0.374385
0.489197
0.552193
0.513389
0.447073
0.405593
0.0403433
0.546343
0.418264
0.250896
0.486527
0.339824
0.377192
0.217776
0.212279
0.318283
0.543357
0.489076
0.469295
0.481616
0.328402
0.383353
0.426635
0.452896
0.263739
0.485168
0.459125
0.24561
0.238476
0.510592
0.336869
0.519975
0.546609
0.530957
0.33876
0.324043
0.291174
0.422601
0.497029
0.507046
0.519837
0.342589
0.143494
0.25377
0.323206
0.465325
0.501917
0.445593
0.49576
0.2927
0.444317
0.509732
0.0928695
0.353507
0.338272
0.529354
0.432249
0.292496
0.320005
0.554706
0.48254
0.355966
0.388812
0.199718
0.146886
0.252817
0.516939
0.489436
0.315686
0.0552221
0.0682871
0.262679
0.291305
0.440251
0.53801
0.362999
0.378085
0.498442
0.148856
0.552817
0.272294
0.52233
0.424221
0.251849
0.107443
0.411492
0.408094
0.396816
0.215051
0.529538
0.537487
0.490354
0.5025
0.406718
0.303395
0.264755
0.148412
0.561602
0.252483
0.540739
0.528834
0.423766
0.511551
0.21706
0.476197
0.294581
0.548724
0.24199
0.557878
0.151441
0.550235
0.534042
0.505136
0.49648
0.556505
0.285088
0.352751
0.234727
0.211212
0.38484
0.526667
0.492826
0.19599
0.247711
0.529419
0.279078
0.345416
0.49129
0.317338
0.270152
0.401536
0.183365
0.310453
0.56366
0.386199
0.264596
0.447798
0.499665
0.409743
0.466616
0.314141
0.447558
0.361311
0.534534
0.437588
0.374942
0.509349
0.36845
0.555363
0.283433
0.475335
0.0161688
0.505801
0.280786
0.524605
0.326831
0.163437
0.351907
0.489796
0.543768
0.318459
0.522125
0.284994
0.41787
0.506309
0.366356
0.486959
0.435996
0.115029
0.45316
0.511006
0.481731
0.263124
0.445794
0.251006
0.453403
0.386158
0.408308
0.474796
0.551083
0.253351
0.183851
0.479891
0.486547
0.364662
0.331959
0.390723
0.505698
0.486499
0.555363
0.267372
0.443934
0.519031
0.208909
0.35289
0.329232
0.29862
0.37224
0.257008
0.458071
0.189689
0.526565
0.177069
0.394771
0.474155
0.517075
0.232752
0.360686
0.167573
0.466876
0.220281
0.169684
0.294783
0.27496
0.53097
0.153313
0.158077
0.357819
0.314146
0.498411
0.358964
0.450084
0.207763
0.237365
0.540248
0.522607
0.519128
0.385129
0.447685
0.368212
0.483321
0.244965
0.379333
0.465158
0.435067
0.300484
0.359334
0.466996
0.11592
0.403153
0.51593
0.467816
0.412305
0.536517
0.485222
0.373915
0.262655
0.434359
0.508001
0.0879325
0.288594
0.433965
0.484577
0.350988
0.462282
0.496518
0.562692
0.531056
0.532668
0.368701
0.49492
0.317174
0.478377
0.232534
0.118358
0.461742
0.373479
0.563742
0.323527
0.448982
0.519148
0.422737
0.5178
0.487716
0.412356
0.165427
0.550021
0.385816
0.44072
0.47949
0.372364
0.166811
0.271982
0.534982
0.523201
0.458051
0.211416
0.062952
0.280445
0.486793
0.135727
0.467657
0.472207
0.397349
0.409721
0.480437
0.370721
0.444536
0.131841
0.500979
0.547296
0.430531
0.56102
0.475442
0.324121
0.553178
0.326711
0.552094
0.141967
0.240442
0.409422
0.499616
0.538155
0.467609
0.31391
0.554175
0.441607
0.0929422
0.183918
0.0932384
0.0766202
0.557151
0.28075
0.495714
0.526582
0.122711
0.158307
0.282503
0.539015
0.439893
0.292499
0.357329
0.508441
0.442202
0.498156
0.563301
0.197975
0.389473
0.319127
0.328707
0.0715214
0.171282
0.122214
0.455208
0.13177
0.503131
0.0453797
0.483131
0.412729
0.334308
0.174387
0.477826
0.323893
0.231181
0.543108
0.385543
0.387816
0.306941
0.399573
0.164176
0.237252
0.160648
0.460651
0.298841
0.367924
0.419264
0.3745
0.31177
0.295229
0.19264
0.377493
0.21915
0.51675
0.372683
0.443947
0.371082
0.493257
0.415175
0.298841
0.359787
0.531332
0.341676
0.172979
0.531087
0.455074
0.445183
0.39471
0.219488
0.462267
0.105149
0.498243
0.422099
0.340207
0.253732
0.313777
0.424017
0.147305
0.477066
0.0258514
0.301954
0.228402
0.395725
0.400455
0.325392
0.408806
0.238927
0.248727
0.411951
0.387698
0.389534
0.510923
0.263062
0.532809
0.326772
0.153147
0.34871
0.400631
0.507122
0.541919
0.315946
0.457415
0.370215
0.506616
0.508573
0.472827
0.367531
0.292378
0.45844
0.560098
0.191821
0.5089
0.316356
0.335858
0.549833
0.409177
0.255754
0.472571
0.443764
0.52051
0.329919
0.234965
0.116394
0.318634
0.484431
0.544966
0.244701
0.45217
0.406354
0.454235
0.331492
0.178061
0.157721
0.388678
0.451915
0.335788
0.38435
0.562192
0.252034
0.55309
0.259339
0.248894
0.542561
0.138772
0.512379
0.541303
0.172918
0.496304
0.492891
0.401109
0.126156
0.32757
0.4477
0.217024
0.530475
0.315706
0.464772
0.456264
0.533254
0.370724
0.488265
0.521487
0.149295
0.528737
0.189707
0.268517
0.0771235
0.139245
0.492074
0.56329
0.365897
0.560509
0.360464
0.440773
0.229178
0.265113
0.166364
0.33836
0.0635271
0.166852
0.547724
0.320477
0.544337
0.560115
0.188703
0.238983
0.438878
0.211264
0.444521
0.344814
0.518319
0.213688
0.0649081
0.379615
0.0433707
0.318833
0.373485
0.27921
0.27812
0.238383
0.39544
0.436412
0.239927
0.384524
0.135064
0.255803
0.109772
0.281571
0.217239
0.506775
0.31855
0.539701
0.461701
0.365698
0.320175
0.478223
0.358396
0.21902
0.517221
0.220539
0.165175
0.421997
0.51994
0.0840898
0.338052
0.114077
0.203987
0.165157
0.278726
0.0503551
0.530259
0.263032
0.131085
0.30616
0.273329
0.463474
0.115772
0.470116
0.385607
0.172614
0.265823
0.0648748
0.267267
0.456267
0.120072
0.275199
0.512853
0.417143
0.487277
0.555913
0.392623
0.350067
0.421599
0.198261
0.379951
0.385005
0.441654
0.255148
0.34125
0.485204
0.410851
0.465616
0.180019
0.179935
0.400087
0.498174
0.542328
0.487691
0.288256
0.313023
0.440727
0.07154
0.272116
0.490426
0.398822
0.377824
0.342661
0.460769
0.117027
0.195627
0.466508
0.095982
0.369561
0.30654
0.400125
0.353389
0.547857
0.0243917
0.363004
0.458672
0.279466
0.50288
0.472662
0.237035
0.452891
0.555388
0.475201
0.271386
0.504393
0.223862
0.134749
0.477158
0.46484
0.0476092
0.465318
0.384643
0.533506
0.431158
0.401287
0.429509
0.420171
0.444257
0.556703
0.542323
0.387739
0.201669
0.36845
0.55937
0.178084
0.402978
0.338752
0.132775
0.517552
0.261967
0.414599
0.140903
0.305607
0.344523
0.277816
0.276092
0.518391
0.188709
0.309542
0.236819
0.267322
0.258067
0.376499
0.4348
0.0954305
0.52183
0.0231899
0.354471
0.360213
0.170177
0.19749
0.336303
0.49136
0.539226
0.427879
0.498236
0.258583
0.406182
0.291894
0.484913
0.433434
0.3611
0.521879
0.466704
0.465796
0.551258
0.350593
0.0780271
0.383855
0.538875
0.444391
0.281597
0.541433
0.411761
0.271897
0.375345
0.497971
0.288017
0.108539
0.10088
0.327852
0.347935
0.0131506
0.204368
0.306087
0.524403
0.192585
0.3203
0.546335
0.162354
0.491177
0.365551
0.449346
0.157425
0.41738
0.260065
0.188039
0.556431
0.543607
0.172966
0.457867
0.277379
0.375399
0.537037
0.256105
0.242444
0.432949
0.264124
0.378932
0.453183
0.549142
0.371519
0.533782
0.226121
0.487185
0.25643
0.560593
0.357142
0.488357
0.437194
0.291971
0.180717
0.354706
0.250263
0.00650379
0.272589
0.325678
0.337389
0.340435
0.349999
0.112669
0.289481
0.458644
0.521142
0.191985
0.20986
0.360528
0.153181
0.549005
0.401796
0.205966
0.539143
0.52153
0.388637
0.555619
0.267612
0.351995
0.100137
0.380069
0.24204
0.279855
0.307351
0.509657
0.559789
0.524274
0.560328
0.485721
0.563671
0.169886
0.533942
0.2432
0.554525
0.203114
0.315049
0.502249
0.269338
0.320561
0.493964
0.363321
0.507844
0.432802
0.396705
0.409729
0.139738
0.101028
0.539457
0.487616
0.358366
0.561287
0.408771
0.458108
0.542662
0.525473
0.375765
0.367307
0.424801
0.259798
0.500364
0.351213
0.0786491
0.440113
0.381177
0.478202
0.322776
0.562732
0.301597
0.503745
0.459942
0.51241
0.438104
0.308196
0.294442
0.443054
0.440481
0.430459
0.474196
0.53325
0.260699
0.420186
0.30316
0.469938
0.436408
0.563691
0.30555
0.406188
0.407641
0.558492
0.295528
0.381081
0.522108
0.306824
0.480633
0.363766
0.528635
0.360212
0.122858
0.559431
0.45699
0.538751
0.411131
0.519647
0.543948
0.454531
0.420129
0.494113
0.229974
0.406322
0.285753
0.368787
0.192833
0.343342
0.327625
0.413842
0.543387
0.365202
0.242891
0.117663
0.0403841
0.188331
0.494346
0.33219
0.424463
0.145044
0.507202
0.258644
0.243472
0.547988
0.424815
0.508729
0.177915
0.330247
0.436168
0.545765
0.257443
0.38376
0.143143
0.530167
0.171139
0.380879
0.480546
0.557852
0.412143
0.514374
0.148212
0.523963
0.499572
0.43833
0.501213
0.314762
0.274772
0.368662
0.269932
0.272909
0.424782
0.333804
0.331911
0.496018
0.489433
0.224092
0.403163
0.293934
0.519009
0.555089
0.21476
0.288728
0.46001
0.205457
0.524817
0.166777
0.445235
0.53365
0.48501
0.424368
0.494826
0.35931
0.489822
0.285571
0.548059
0.478279
0.245722
0.156688
0.315499
0.493517
0.170346
0.221373
0.416311
0.215548
0.2273
0.55654
0.327183
0.274363
0.430939
0.414986
0.0606725
0.341966
0.418459
0.510264
0.462742
0.278705
0.347364
0.102228
0.50339
0.493136
0.282289
0.418539
0.337412
0.245224
0.220203
0.301082
0.357122
0.564189
0.553329
0.216972
0.468947
0.381217
0.337581
0.271072
0.504194
0.426364
0.385928
0.236833
0.428887
0.358354
0.413376
0.42396
0.412636
0.309358
0.225817
0.396717
0.563893
0.331203
0.0515005
0.117462
0.401248
0.539206
0.388804
0.50557
0.54905
0.184392
0.282734
0.504445
0.540243
0.426384
0.323618
0.489543
0.507475
0.517965
0.499841
0.494467
0.460379
0.149267
0.368476
0.0691116
0.251383
0.454994
0.505101
0.527564
0.463753
0.474345
0.33712
0.505771
0.450449
0.395271
0.423315
0.456218
0.458704
0.497294
0.467737
0.443731
0.32807
0.544259
0.410788
0.554072
0.446228
0.462329
0.159208
0.33167
0.330887
0.549712
0.395969
0.470179
0.420325
0.382425
0.135251
0.529684
0.150013
0.264593
0.416762
0.561597
0.535984
0.423499
0.527484
0.264562
0.469519
0.518862
0.53523
0.524565
0.190631
0.502333
0.451779
0.528105
0.527616
0.437034
0.521292
0.324359
0.173552
0.3468
0.330177
0.225792
0.531133
0.250689
0.284919
0.31239
0.472482
0.244253
0.155814
0.534571
0.465002
0.553397
0.225939
0.358986
0.391849
0.318257
0.146571
0.322621
0.483446
0.430787
0.441595
0.388685
0.544972
0.42159
0.470373
0.256408
0.350499
0.423413
0.136705
0.491507
0.42384
0.221806
0.463574
0.549145
0.430227
0.232677
0.425052
0.391389
0.314514
0.0262062
0.288615
0.264152
0.26867
0.336338
0.561603
0.281076
0.38099
0.255815
0.327797
0.394396
0.131195
0.508906
0.451404
0.55196
0.278269
0.416307
0.557924
0.499212
0.44266
0.252735
0.457781
0.170914
0.35639
0.369259
0.404864
0.512219
0.288436
0.493261
0.490591
0.121939
0.182473
0.15299
0.518443
0.551318
0.519996
0.196364
0.544107
0.494642
0.497739
0.147395
0.182404
0.487676
0.38997
0.486288
0.194107
0.353948
0.511509
0.529954
0.239644
0.314063
0.0909469
0.482893
0.35148
0.532518
0.0562362
0.559367
0.52977
0.517228
0.410857
0.547718
0.546356
0.307498
0.430665
0.153819
0.30119
0.519914
0.446789
0.169815
0.442152
0.379083
0.45897
0.463291
0.149167
0.521144
0.27439
0.344025
0.20471
0.461568
0.549055
0.352582
0.532425
0.49158
0.338583
0.559034
0.285681
0.288433
0.469207
0.345702
0.256352
0.525917
0.146683
0.13433
0.49484
0.225437
0.365478
0.513689
0.530413
0.517693
0.537401
0.512731
0.543553
0.556768
0.489151
0.429349
0.315105
0.457327
0.242773
0.0225922
0.549884
0.390735
0.310899
0.45099
0.288317
0.211867
0.179261
0.477903
0.269974
0.367343
0.554742
0.520174
0.531687
0.310055
0.553976
0.553465
0.210181
0.412614
0.337681
0.496476
0.494545
0.480726
0.188975
0.437017
0.151172
0.455977
0.157667
0.422374
0.448994
0.350423
0.489492
0.240228
0.186879
0.0527239
0.496925
0.327291
0.561495
0.525437
0.371794
0.463595
0.555006
0.306159
0.24692
0.278654
0.528882
0.275729
0.285358
0.412165
0.495374
0.153796
0.536642
0.511734
0.099872
0.45718
0.129163
0.529699
0.536728
0.463291
0.17429
0.543937
0.0819372
0.394347
0.076489
0.539433
0.35976
0.519315
0.490372
0.481183
0.330869
0.318162
0.524835
0.106429
0.163023
0.286285
0.397241
0.558636
0.494897
0.174869
0.440112
0.362247
0.458851
0.539041
0.159821
0.466485
0.534274
0.538071
0.540588
0.286342
0.263564
0.525977
0.371509
0.39344
0.300808
0.472591
0.443145
0.532448
0.146704
0.344904
0.180183
0.26466
0.36528
0.228651
0.391926
0.408903
0.338157
0.493371
0.38597
0.528059
0.293208
0.320826
0.491521
0.299058
0.298857
0.541403
0.500846
0.529503
0.54962
0.22626
0.126386
0.359875
0.266117
0.279779
0.138082
0.484587
0.540008
0.219964
0.477632
0.429013
0.161866
0.360469
0.514405
0.485281
0.386897
0.471182
0.376073
0.461267
0.282695
0.455273
0.263899
0.23983
0.0719416
0.295802
0.562233
0.453089
0.386417
0.19268
0.289302
0.23883
0.483397
0.181319
0.540198
0.556557
0.313081
0.407368
0.269731
0.397445
0.411248
0.544495
0.17129
0.248312
0.452126
0.37098
0.497796
0.13352
0.315562
0.522274
0.382183
0.308829
0.530021
0.53851
0.511506
0.465835
0.525305
0.215181
0.511861
0.537694
0.384378
0.209105
0.47447
0.442842
0.472972
0.465998
0.531865
0.309349
0.521559
0.154867
0.34166
0.405125
0.558656
0.537042
0.382892
0.54264
0.447654
0.558548
0.427605
0.364286
0.530858
0.502439
0.305667
0.313266
0.443065
0.215883
0.508182
0.478836
0.345531
0.558652
0.477709
0.380698
0.380835
0.556569
0.139924
0.494693
0.375353
0.1624
0.421274
0.449804
0.51403
0.339376
0.345923
0.29454
0.458184
0.429973
0.45211
0.460831
0.144796
0.0629407
0.23408
0.210039
0.348388
0.456057
0.541577
0.486267
0.0946395
0.540154
0.394683
0.0228791
0.450898
0.522385
0.443116
0.406759
0.113091
0.30958
0.358399
0.278412
0.487645
0.528147
0.263197
0.453508
0.393431
0.54242
0.0706857
0.509948
0.456184
0.108275
0.0299701
0.368241
0.527448
0.263956
0.494616
0.380575
0.409764
0.437399
0.480126
0.458521
0.536641
0.494306
0.292282
0.47418
0.152209
0.290793
0.526322
0.427557
0.279576
0.114783
0.455735
0.357238
0.341301
0.429697
0.167454
0.431251
0.48055
0.238052
0.228541
0.516677
0.36983
0.494848
0.428614
0.112653
0.16322
0.457598
0.279094
0.519289
0.322559
0.440203
0.465941
0.154338
0.48219
0.414389
0.517555
0.340975
0.50639
0.487736
0.437469
0.549327
0.239388
0.512955
0.174219
0.443436
0.398372
0.400104
0.400681
0.543667
0.411983
0.531449
0.551553
0.427445
0.256322
0.148001
0.424044
0.286453
0.433485
0.494005
0.424134
0.317526
0.401824
0.325331
0.377821
0.28658
0.371774
0.533342
0.329513
0.10673
0.387639
0.115729
0.23702
0.292825
0.385743
0.449944
0.38636
0.501414
0.54903
0.553165
0.433815
0.526494
0.204751
0.422833
0.217596
0.0809614
0.174725
0.548488
0.408596
0.181103
0.494799
0.563102
0.279271
0.125309
0.178439
0.252075
0.124609
0.522977
0.279098
0.551272
0.24084
0.454277
0.34293
0.368992
0.183252
0.195989
0.224392
0.442468
0.267478
0.436982
0.382591
0.48393
0.328551
0.438233
0.306335
0.533714
0.310275
0.230987
0.242064
0.521931
0.413587
0.499008
0.527718
0.304737
0.316915
0.104448
0.0929062
0.489561
0.48986
0.262316
0.261603
0.387072
0.523063
0.115527
0.471921
0.277826
0.414569
0.475884
0.420615
0.328119
0.452479
0.302052
0.308548
0.485554
0.383581
0.512009
0.530378
0.539865
0.56004
0.460265
0.41329
0.517904
0.379024
0.30879
0.445571
0.477234
0.392471
0.179535
0.54133
0.456659
0.544614
0.539058
0.103669
0.382035
0.316946
0.169002
0.161252
0.544404
0.520771
0.462857
0.514591
0.523386
0.528166
0.29636
0.378014
0.54966
0.403881
0.525355
0.53999
0.196149
0.391523
0.511335
0.386287
0.502071
0.485186
0.423934
0.340833
0.477635
0.478925
0.531123
0.445899
0.207952
0.313445
0.421001
0.393353
0.46263
0.488389
0.281832
0.546263
0.541743
0.293872
0.540422
0.503201
0.494847
0.408164
0.401647
0.514229
0.245976
0.460621
0.509809
0.237627
0.393736
0.435206
0.461579
0.380429
0.46126
0.547163
0.532084
0.428795
0.274497
0.389297
0.14838
0.398115
0.467732
0.349705
0.236682
0.510276
0.32637
0.242009
0.380483
0.512882
0.193768
0.381037
0.174631
0.260153
0.410922
0.496771
0.267047
0.375883
0.200092
0.555896
0.411942
0.150806
0.511262
0.413961
0.19552
0.390851
0.171504
0.138221
0.490701
0.496099
0.561024
0.54459
0.421988
0.363381
0.17528
0.250015
0.380466
0.222724
0.266631
0.473156
0.526181
0.498679
0.416628
0.166084
0.379657
0.467431
0.402058
0.298446
0.557718
0.445146
0.489218
0.129133
0.385525
0.486316
0.409653
0.496325
0.519309
0.3612
0.463996
0.433701
0.444759
0.409956
0.533066
0.513525
0.5602
0.227743
0.442661
0.273626
0.291069
0.325896
0.52947
0.141554
0.0159776
0.390553
0.495147
0.238503
0.395158
0.512414
0.507291
0.551225
0.376659
0.545413
0.548782
0.427638
0.538164
0.229409
0.510879
0.520568
0.40656
0.394957
0.367568
0.479915
0.559086
0.32243
0.264792
0.181493
0.27391
0.385147
0.342316
0.252369
0.534186
0.55173
0.515797
0.378308
0.464418
0.298261
0.207453
0.344156
0.539604
0.195492
0.533848
0.52845
0.19583
0.530714
0.480188
0.51474
0.545289
0.491657
0.34309
0.258948
0.402396
0.454461
0.25188
0.52307
0.350752
0.539343
0.297479
0.410463
0.52157
0.462462
0.426532
0.0799698
0.461631
0.0859639
0.243738
0.506782
0.48365
0.561374
0.462166
0.174585
0.33826
0.384584
0.392308
0.316404
0.55122
0.229812
0.433421
0.50823
0.304323
0.0665136
0.434604
0.0836107
0.192635
0.334762
0.221204
0.44017
0.185138
0.505204
0.360474
0.0803457
0.520546
0.317339
0.289644
0.452068
0.457286
0.246163
0.406304
0.402835
0.29606
0.135197
0.180721
0.391827
0.366992
0.335556
0.286296
0.515845
0.137736
0.46811
0.155488
0.411935
0.500522
0.484664
0.517379
0.496456
0.478237
0.191803
0.382097
0.508599
0.212454
0.281514
0.385236
0.555225
0.206647
0.487305
0.357073
0.218316
0.432341
0.387305
0.34714
0.511795
0.329432
0.267587
0.463686
0.352612
0.558978
0.539993
0.296236
0.422992
0.256005
0.393192
0.562327
0.246035
0.253073
0.460698
0.421525
0.509477
0.321297
0.478498
0.305044
0.261083
0.207208
0.0698139
0.33354
0.105347
0.557931
0.258916
0.447655
0.0538396
0.130462
0.468728
0.45231
0.269669
0.490641
0.456836
0.394673
0.443848
0.499295
0.558239
0.325159
0.41384
0.517449
0.431202
0.408622
0.283663
0.433724
0.474461
0.225641
0.301658
0.48442
0.349186
0.0939707
0.285645
0.235329
0.173372
0.162733
0.295554
0.28462
0.317235
0.495653
0.459473
0.155154
0.135945
0.510069
0.259739
0.238504
0.409727
0.556593
0.375397
0.511126
0.240089
0.427981
0.350133
0.561571
0.337596
0.493399
0.554006
0.486712
0.527196
0.265219
0.147518
0.0843959
0.161699
0.422941
0.552139
0.482009
0.330032
0.182971
0.46565
0.493358
0.505894
0.25859
0.476916
0.376856
0.500371
0.499428
0.0699072
0.110377
0.299066
0.412873
0.448793
0.527999
0.549967
0.313626
0.41358
0.391497
0.487348
0.445533
0.544759
0.285779
0.256459
0.498694
0.311038
0.236691
0.101419
0.180495
0.231888
0.260209
0.136906
0.457792
0.448453
0.494908
0.474324
0.304535
0.513745
0.5302
0.546122
0.498058
0.522389
0.499494
0.39246
0.441697
0.268037
0.354249
0.160449
0.310466
0.364963
0.555248
0.404876
0.335016
0.190799
0.231565
0.313733
0.176056
0.437512
0.553217
0.452659
0.534242
0.176163
0.429445
0.468828
0.42865
0.462618
0.223058
0.182972
0.47196
0.230502
0.341632
0.400589
0.108141
0.388529
0.405875
0.166704
0.331058
0.545225
0.176998
0.218081
0.236329
0.559824
0.541622
0.332331
0.405727
0.493368
0.337725
0.344996
0.383273
0.329828
0.0912416
0.425196
0.54999
0.448467
0.378019
0.225594
0.230838
0.414737
0.150181
0.528877
0.552118
0.398025
0.535618
0.519436
0.331756
0.337593
0.455133
0.382091
0.427692
0.329334
0.505362
0.514936
0.430532
0.0859669
0.260588
0.391795
0.182492
0.376634
0.547026
0.554383
0.513582
0.151604
0.423536
0.419166
0.159715
0.533797
0.0642164
0.484328
0.45437
0.511287
0.530438
0.298794
0.549141
0.334226
0.25129
0.246185
0.18456
0.407123
0.466434
0.34519
0.41594
0.515224
0.274874
0.358228
0.492267
0.123455
0.487228
0.361812
0.127003
0.459864
0.102117
0.43647
0.520659
0.408382
0.537356
0.316646
0.131381
0.350144
0.359407
0.384579
0.305425
0.38842
0.131883
0.344852
0.271869
0.457872
0.401828
0.406795
0.435065
0.255468
0.557671
0.52747
0.37551
0.324565
0.234159
0.15689
0.458041
0.469539
0.509281
0.497436
0.225575
0.477016
0.398668
0.549529
0.533304
0.267577
0.357588
0.434607
0.235515
0.475528
0.463882
0.0920844
0.480839
0.515389
0.278129
0.372856
0.378067
0.113307
0.530248
0.432165
0.355351
0.354874
0.399072
0.551259
0.359344
0.15386
0.54775
0.500098
0.329895
0.325733
0.282225
0.444692
0.355702
0.424712
0.272462
0.466964
0.384554
0.284798
0.462153
0.379562
0.519271
0.324342
0.411884
0.425383
0.322398
0.206101
0.518765
0.433886
0.176753
0.429739
0.56271
0.55041
0.125753
0.559038
0.378989
0.533628
0.393372
0.386989
0.377134
0.52256
0.278298
0.354055
0.521164
0.32864
0.473333
0.471892
0.493832
0.404747
0.515453
0.476135
0.24728
0.444319
0.530552
0.443033
0.446126
0.524342
0.491423
0.263507
0.295686
0.343905
0.494951
0.55035
0.424133
0.299003
0.413835
0.450544
0.563132
0.129883
0.480492
0.277037
0.367914
0.2119
0.517037
0.14772
0.233877
0.198858
0.561052
0.42516
0.320782
0.277011
0.457828
0.349596
0.243595
0.191433
0.554398
0.469584
0.0941655
0.246936
0.456399
0.346898
0.552781
0.227073
0.403488
0.164933
0.323712
0.554173
0.407897
0.00915256
0.366978
0.518332
0.522919
0.111927
0.386689
0.265871
0.338016
0.489406
0.479512
0.422022
0.554543
0.253262
0.481147
0.397907
0.549895
0.198402
0.364202
0.453228
0.196946
0.0878001
0.103166
0.556217
0.322953
0.120832
0.538352
0.520925
0.212559
0.440423
0.525794
0.291436
0.450643
0.487469
0.515323
0.460031
0.217953
0.270203
0.550459
0.534927
0.492014
0.529388
0.40695
0.287324
0.555897
0.421013
0.0901982
0.426745
0.445747
0.0315575
0.430834
0.497872
0.134351
0.140998
0.470935
0.218954
0.319943
0.528453
0.294269
0.279634
0.497339
0.127215
0.40071
0.197877
0.372466
0.182612
0.492784
0.538638
0.178899
0.528356
0.523632
0.373114
0.442821
0.473126
0.325864
0.490219
0.504324
0.393666
0.473
0.142242
0.313266
0.451354
0.438065
0.39604
0.459428
0.532369
0.438113
0.479298
0.490784
0.115274
0.443967
0.340245
0.41915
0.354807
0.555507
0.458131
0.086292
0.233072
0.294049
0.366032
0.249167
0.176422
0.364066
0.37281
0.453524
0.286868
0.220314
0.523103
0.253212
0.354765
0.355315
0.1074
0.118632
0.167601
0.233307
0.148274
0.512979
0.343689
0.545518
0.548199
0.494325
0.26934
0.343527
0.114086
0.270858
0.460546
0.245602
0.553524
0.412493
0.150483
0.466835
0.182082
0.417154
0.293429
0.225384
0.236287
0.550319
0.488513
0.452757
0.426658
0.470163
0.49671
0.139547
0.257981
0.180652
0.219711
0.517773
0.316367
0.481208
0.443953
0.486285
0.556973
0.498704
0.517394
0.422991
0.239853
0.433987
0.479493
0.44781
0.335936
0.476396
0.31401
0.290647
0.350692
0.465804
0.325647
0.304092
0.430154
0.525023
0.38693
0.124561
0.272141
0.383041
0.549395
0.188234
0.515875
0.477385
0.16236
0.527791
0.323964
0.429536
0.511591
0.292853
0.331507
0.455303
0.455104
0.150695
0.132071
0.560147
0.0823397
0.558448
0.457652
0.519392
0.557023
0.479412
0.401804
0.392461
0.463376
0.263013
0.415269
0.360956
0.346679
0.547295
0.395719
0.28406
0.395372
0.490428
0.448104
0.272082
0.49842
0.532643
0.0897763
0.423118
0.526001
0.481518
0.339006
0.211088
0.470946
0.470086
0.545939
0.266432
0.187297
0.286555
0.465975
0.495037
0.37749
0.127861
0.255066
0.225016
0.367415
0.493275
0.390615
0.320238
0.516109
0.388256
0.325107
0.490014
0.249404
0.324474
0.100359
0.506036
0.511453
0.509578
0.49866
0.407359
0.509021
0.507168
0.339359
0.496764
0.528909
0.474271
0.451998
0.303537
0.494616
0.373652
0.51223
0.520856
0.353925
0.558623
0.554594
0.22715
0.342225
0.535567
0.551774
0.376489
0.235038
0.526523
0.499048
0.560171
0.357219
0.462435
0.270902
0.547251
0.560443
0.412153
0.282025
0.466263
0.555432
0.294711
0.560502
0.0588656
0.553653
0.183007
0.351526
0.446165
0.464427
0.487197
0.517471
0.498644
0.47308
0.14317
0.305947
0.321691
0.170813
0.426607
0.347882
0.127591
0.424983
0.340892
0.514132
0.541227
0.488346
0.0749717
0.498364
0.544044
0.238426
0.41969
0.323358
0.525608
0.551815
0.515104
0.478341
0.342549
0.444984
0.182734
0.187416
0.443785
0.526874
0.316589
0.205071
0.396389
0.294414
0.486692
0.522037
0.361947
0.238811
0.294426
0.187723
0.469173
0.471374
0.557206
0.395509
0.399787
0.195627
0.466877
0.240133
0.472911
0.432966
0.0889334
0.440177
0.37215
0.467018
0.223463
0.454356
0.231695
0.388403
0.34553
0.549169
0.0838314
0.146765
0.323136
0.305773
0.475602
0.348552
0.461846
0.394897
0.5521
0.360091
0.378996
0.24001
0.431648
0.512398
0.539327
0.330836
0.238634
0.505687
0.247312
0.388469
0.128173
0.367414
0.482245
0.342085
0.524056
0.543178
0.379257
0.453927
0.425446
0.238501
0.378293
0.172077
0.382237
0.383681
0.528188
0.384415
0.444429
0.111218
0.190399
0.189935
0.505594
0.244118
0.431421
0.38699
0.398674
0.260601
0.518262
0.0775637
0.456932
0.193417
0.298083
0.408442
0.393492
0.371939
0.341617
0.551995
0.31293
0.410708
0.400916
0.518785
0.47046
0.400203
0.475686
0.435512
0.495263
0.278067
0.446009
0.318929
0.455787
0.540889
0.373609
0.200354
0.40682
0.451177
0.223862
0.144465
0.55277
0.411905
0.389705
0.524345
0.538603
0.200087
0.525542
0.287505
0.382701
0.24488
0.290142
0.533718
0.427079
0.46934
0.556029
0.313197
0.341469
0.451096
0.30972
0.0295003
0.550155
0.274704
0.383043
0.070829
0.5316
0.37559
0.395192
0.290857
0.515865
0.241762
0.215238
0.189089
0.52474
0.51017
0.457062
0.351761
0.321608
0.29225
0.475157
0.0927674
0.35324
0.349984
0.397137
0.44648
0.403007
0.440175
0.338291
0.42081
0.100747
0.541997
0.494497
0.254842
0.189037
0.513926
0.484015
0.462865
0.271735
0.507533
0.537977
0.419693
0.376175
0.473666
0.328564
0.153135
0.245748
0.48936
0.329349
0.332594
0.49034
0.124968
0.433879
0.497988
0.23881
0.272096
0.226957
0.481288
0.462729
0.430919
0.443054
0.440487
0.518685
0.263203
0.507968
0.298034
0.562094
0.349078
0.128064
0.551902
0.52552
0.138549
0.421129
0.241993
0.124952
0.348384
0.40513
0.251483
0.314709
0.395965
0.418185
0.476366
0.498654
0.26784
0.518341
0.333027
0.554433
0.477049
0.222959
0.492344
0.127947
0.345567
0.304562
0.46901
0.441944
0.481611
0.163262
0.348748
0.530207
0.318798
0.292467
0.366373
0.349663
0.448047
0.418492
0.313194
0.285905
0.0993453
0.19223
0.18834
0.546686
0.329545
0.229609
0.458967
0.396222
0.301451
0.215631
0.15189
0.209544
0.363926
0.134559
0.0746796
0.387494
0.175675
0.407272
0.144169
0.375811
0.286439
0.225059
0.369605
0.55815
0.149723
0.448085
0.328113
0.370497
0.519762
0.276479
0.194746
0.409629
0.489232
0.496485
0.266129
0.437305
0.346794
0.218399
0.394549
0.364263
0.559398
0.479478
0.518677
0.487018
0.44111
0.527612
0.341706
0.225085
0.122997
0.498069
0.377177
0.428818
0.297283
0.355283
0.518267
0.329665
0.323204
0.441676
0.282702
0.523801
0.502889
0.213527
0.348527
0.492536
0.0244833
0.455054
0.45614
0.543334
0.362142
0.457358
0.456902
0.459039
0.0639304
0.505219
0.248208
0.540138
0.420734
0.453659
0.480875
0.459621
0.284826
0.403959
0.224172
0.356406
0.0879963
0.521515
0.45777
0.419026
0.542316
0.13847
0.356891
0.306466
0.208249
0.516795
0.52657
0.341964
0.386917
0.409629
0.493542
0.351718
0.489107
0.312099
0.161689
0.348002
0.384682
0.393668
0.500502
0.472093
0.504216
0.489571
0.283431
0.453858
0.282996
0.454686
0.0217013
0.525109
0.284084
0.258234
0.0347908
0.538251
0.182058
0.162997
0.508362
0.353138
0.433873
0.408477
0.562326
0.23073
0.543214
0.398459
0.233967
0.32908
0.562171
0.542802
0.534516
0.420301
0.365372
0.484588
0.558219
0.209105
0.477475
0.444772
0.209354
0.260116
0.401124
0.460354
0.523758
0.362156
0.25168
0.415767
0.276892
0.249824
0.360726
0.442035
0.0334492
0.155459
0.13101
0.284578
0.121661
0.409948
0.424991
0.479851
0.492464
0.302519
0.259099
0.449427
0.550128
0.46505
0.300768
0.366557
0.400517
0.557526
0.337358
0.286614
0.384569
0.533971
0.512953
0.562737
0.414981
0.495277
0.557541
0.276553
0.295143
0.371384
0.431698
0.187596
0.241037
0.457039
0.278221
0.210262
0.317811
0.168767
0.531207
0.326986
0.384451
0.145903
0.0600676
0.403331
0.361088
0.350137
0.224691
0.476087
0.486433
0.418758
0.147858
0.323487
0.299051
0.109514
0.28265
0.314161
0.308001
0.541006
0.183343
0.529071
0.505819
0.265011
0.280856
0.541863
0.171468
0.362885
0.180925
0.345251
0.486518
0.549246
0.387574
0.346109
0.169699
0.414818
0.453472
0.500598
0.49844
0.542068
0.515785
0.508557
0.518302
0.269528
0.479134
0.380625
0.41543
0.379763
0.539106
0.48971
0.376482
0.534712
0.449451
0.176968
0.433899
0.477068
0.199918
0.306457
0.516425
0.471292
0.537305
0.362926
0.45621
0.293297
0.174039
0.315932
0.263111
0.293142
0.308206
0.43426
0.281611
0.336632
0.380657
0.511176
0.531098
0.27882
0.493096
0.220782
0.493094
0.145258
0.16833
0.190515
0.37784
0.563058
0.457798
0.547551
0.307289
0.501358
0.0552311
0.146165
0.12114
0.518524
0.356554
0.43001
0.317327
0.515915
0.532128
0.152139
0.212052
0.27108
0.0882652
0.337125
0.555861
0.375543
0.452073
0.537811
0.181353
0.423635
0.561729
0.483217
0.529152
0.305229
0.229828
0.561932
0.488842
0.437683
0.524293
0.138148
0.472151
0.461617
0.328888
0.312592
0.333835
0.359204
0.490187
0.22204
0.225582
0.532968
0.310304
0.178264
0.539119
0.405646
0.294189
0.489731
0.415166
0.526262
0.281915
0.351325
0.230793
0.379478
0.389567
0.226013
0.231405
0.353672
0.402498
0.560614
0.453469
0.453983
0.28352
0.309458
0.368721
0.408449
0.503035
0.540353
0.516978
0.52404
0.135493
0.328478
0.176456
0.126649
0.540636
0.554662
0.203241
0.0945564
0.165895
0.21458
0.24561
0.226078
0.473267
0.355486
0.378596
0.239895
0.455572
0.434599
0.502937
0.483053
0.418827
0.194862
0.54028
0.457333
0.373389
0.383229
0.41285
0.448096
0.529868
0.32628
0.164024
0.416341
0.378739
0.53708
0.453846
0.468394
0.205958
0.484237
0.0791517
0.503509
0.192257
0.458332
0.493399
0.547055
0.458392
0.456126
0.280838
0.360116
0.347678
0.422608
0.168838
0.225097
0.335358
0.266906
0.381853
0.551536
0.421879
0.425909
0.555972
0.548061
0.503788
0.545162
0.376044
0.398319
0.294517
0.548379
0.273278
0.257358
0.218959
0.371712
0.386772
0.432384
0.367376
0.27672
0.219402
0.464115
0.376609
0.553676
0.376681
0.51655
0.392096
0.424256
0.498902
0.290694
0.510345
0.121179
0.33343
0.230383
0.390251
0.321614
0.387224
0.142901
0.268984
0.290445
0.244189
0.363124
0.293159
0.511476
0.180887
0.452866
0.502773
0.562378
0.281644
0.321219
0.153707
0.385169
0.30035
0.218363
0.462527
0.476497
0.341287
0.14882
0.358748
0.387413
0.50839
0.535892
0.325181
0.312363
0.504521
0.559069
0.308149
0.483153
0.448313
0.188957
0.27882
0.491383
0.180235
0.264056
0.422257
0.359313
0.528853
0.436764
0.358862
0.496598
0.221976
0.46034
0.21468
0.376803
0.458974
0.520945
0.275034
0.0997499
0.342828
0.486628
0.431152
0.282979
0.201527
0.358639
0.321811
0.232272
0.446484
0.475549
0.485311
0.0577678
0.253975
0.509686
0.420592
0.314442
0.437049
0.419256
0.157685
0.52613
0.535865
0.510404
0.291825
0.443615
0.527272
0.382341
0.454004
0.288644
0.177189
0.483169
0.38208
0.203598
0.473504
0.278062
0.385957
0.323713
0.560767
0.468893
0.50196
0.535126
0.113067
0.0492109
0.525642
0.504481
0.512688
0.450532
0.385593
0.406868
0.484764
0.560907
0.554743
0.527014
0.137321
0.460883
0.430876
0.461172
0.453618
0.500869
0.173245
0.489102
0.0576188
0.306167
0.371792
0.44616
0.385392
0.336337
0.554559
0.191275
0.493663
0.473977
0.542375
0.379929
0.430142
0.317444
0.498499
0.145312
0.538412
0.291203
0.379008
0.46296
0.532455
0.385495
0.40327
0.503457
0.328605
0.388539
0.543856
0.342986
0.378924
0.312498
0.284012
0.13761
0.524244
0.31173
0.55003
0.563449
0.528334
0.445718
0.447252
0.555848
0.473342
0.226404
0.397825
0.405143
0.493068
0.483385
0.384165
0.384673
0.183468
0.304509
0.560737
0.539156
0.432191
0.435881
0.477216
0.428369
0.550603
0.288524
0.384972
0.273191
0.468664
0.376673
0.394498
0.305816
0.19699
0.545053
0.252207
0.4278
0.258352
0.266206
0.495611
0.383085
0.475302
0.319797
0.542893
0.179434
0.0396524
0.0781724
0.458867
0.458855
0.143058
0.436845
0.224142
0.470047
0.0820212
0.262369
0.460082
0.440008
0.441791
0.440834
0.0767505
0.0975588
0.415753
0.457106
0.390966
0.512685
0.381235
0.156855
0.159303
0.549951
0.335123
0.53764
0.357391
0.230067
0.500311
0.434725
0.429891
0.538156
0.48629
0.251915
0.507671
0.327549
0.538553
0.319815
0.413613
0.546351
0.559201
0.183605
0.553468
0.285704
0.547708
0.344589
0.458974
0.52267
0.328716
0.326015
0.556601
0.545447
0.532701
0.29034
0.548971
0.412815
0.185681
0.374875
0.228693
0.398306
0.483878
0.459476
0.236612
0.134848
0.196681
0.406896
0.543212
0.354397
0.442371
0.471949
0.439814
0.435957
0.274692
0.186151
0.457245
0.268679
0.440047
0.367245
0.231122
0.393692
0.49683
0.317869
0.0750803
0.451559
0.335093
0.519924
0.201663
0.30893
0.236304
0.349204
0.477543
0.132959
0.365599
0.38738
0.386385
0.506825
0.562082
0.470613
0.209837
0.535032
0.480204
0.44465
0.375916
0.365368
0.432901
0.0902887
0.371875
0.520865
0.524528
0.098729
0.462238
0.450198
0.429453
0.123403
0.145486
0.432972
0.302109
0.200401
0.399097
0.10692
0.442152
0.383002
0.345769
0.453142
0.561761
0.451756
0.494623
0.497739
0.169677
0.215349
0.452708
0.258258
0.462084
0.166048
0.508431
0.161863
0.341756
0.555511
0.54167
0.170023
0.33392
0.371942
0.402151
0.276213
0.339748
0.476653
0.25684
0.173801
0.544869
0.4461
0.449519
0.309317
0.505771
0.456612
0.458918
0.21208
0.524657
0.246378
0.196524
0.285141
0.561644
0.464991
0.348455
0.186094
0.41259
0.315033
0.282842
0.123013
0.562162
0.35824
0.267063
0.528443
0.468137
0.353941
0.428718
0.479082
0.498572
0.525999
0.454205
0.539644
0.350063
0.35908
0.105764
0.449251
0.434203
0.45032
0.336695
0.461024
0.366537
0.490265
0.237948
0.41039
0.470736
0.270465
0.375464
0.400396
0.523517
0.180459
0.392897
0.482306
0.375498
0.519366
0.400784
0.292788
0.327357
0.291613
0.157949
0.291466
0.414562
0.367506
0.310466
0.367094
0.31474
0.408372
0.385792
0.446622
0.274611
0.491575
0.145697
0.517367
0.158813
0.477404
0.127792
0.299499
0.265543
0.223909
0.232321
0.508354
0.5572
0.198169
0.41575
0.404149
0.301924
0.254521
0.394927
0.235823
0.345468
0.457421
0.471221
0.33354
0.117985
0.0571264
0.314853
0.298626
0.449368
0.206704
0.561865
0.503504
0.526631
0.492923
0.228133
0.560824
0.180746
0.550883
0.418813
0.391888
0.549989
0.423412
0.562513
0.285913
0.290103
0.473539
0.075169
0.331146
0.562201
0.487794
0.429406
0.540541
0.431007
0.44529
0.394098
0.456113
0.449113
0.100594
0.307439
0.458759
0.375403
0.168037
0.536253
0.487319
0.184554
0.360455
0.309859
0.408955
0.441824
0.235238
0.511899
0.549503
0.341103
0.376303
0.503564
0.105381
0.339762
0.260785
0.541264
0.527341
0.305164
0.145981
0.261556
0.240261
0.543995
0.33584
0.309524
0.425766
0.417158
0.374349
0.331746
0.0576577
0.411296
0.0351099
0.167083
0.0728148
0.549624
0.353885
0.392825
0.489464
0.492836
0.444593
0.487258
0.550124
0.380301
0.407031
0.480145
0.452571
0.457065
0.410451
0.333303
0.462874
0.468552
0.543593
0.277608
0.229163
0.526001
0.489194
0.501644
0.222481
0.406577
0.252967
0.518096
0.545095
0.435039
0.103292
0.333108
0.512326
0.0837637
0.386258
0.440491
0.141404
0.490998
0.234135
0.40078
0.194125
0.492481
0.235425
0.386473
0.349378
0.204179
0.262167
0.155142
0.526684
0.469806
0.149115
0.115984
0.304309
0.417779
0.506195
0.323198
0.355118
0.446891
0.543677
0.144499
0.391805
0.397559
0.325045
0.448592
0.323879
0.465526
0.462642
0.343067
0.348493
0.409556
0.42842
0.289329
0.0996264
0.14848
0.131427
0.0956973
0.417408
0.36734
0.51872
0.195854
0.348836
0.207041
0.334284
0.297395
0.538868
0.250237
0.318864
0.387297
0.125025
0.331428
0.525663
0.556147
0.276565
0.453737
0.397886
0.148429
0.285236
0.52338
0.412838
0.174132
0.0673877
0.496186
0.427183
0.332843
0.40348
0.484419
0.305
0.502979
0.555026
0.381193
0.355114
0.398845
0.363779
0.351063
0.374227
0.410786
0.531847
0.302493
0.341858
0.464267
0.534224
0.146433
0.240092
0.455283
0.462128
0.28224
0.170501
0.550383
0.39459
0.208133
0.300465
0.507831
0.533927
0.320391
0.101904
0.312357
0.442725
0.275543
0.517106
0.514377
0.252082
0.269497
0.516128
0.388557
0.463325
0.485358
0.362064
0.464936
0.467263
0.286804
0.26254
0.36095
0.224061
0.498745
0.0931201
0.521376
0.562454
0.489953
0.130453
0.42406
0.560172
0.398329
0.466936
0.193569
0.352653
0.410224
0.405588
0.505305
0.49452
0.372871
0.0872003
0.395284
0.173173
0.373787
0.218722
0.549288
0.543319
0.425258
0.480946
0.291843
0.232732
0.540632
0.487485
0.456557
0.0482847
0.178816
0.319028
0.563755
0.189458
0.280616
0.507585
0.475575
0.0415176
0.0646673
0.506269
0.281645
0.335772
0.540049
0.390597
0.430639
0.538337
0.109169
0.293451
0.519761
0.258041
0.490442
0.334965
0.325089
0.216462
0.0797115
0.395851
0.501148
0.521155
0.518303
0.29994
0.23393
0.367088
0.157468
0.28261
0.193247
0.50701
0.539029
0.341718
0.444113
0.255342
0.427476
0.431925
0.387148
0.552886
0.315942
0.410084
0.367702
0.540975
0.329501
0.448786
0.41423
0.529014
0.441367
0.511576
0.401838
0.544777
0.305794
0.349405
0.205158
0.343792
0.467599
0.510098
0.484401
0.354317
0.454231
0.232355
0.456511
0.506494
0.300106
0.361401
0.332825
0.528352
0.446535
0.216169
0.320071
0.247008
0.41076
0.480178
0.32483
0.28356
0.401954
0.518335
0.115525
0.466217
0.471806
0.398824
0.411116
0.233832
0.0665133
0.433864
0.164694
0.232899
0.0804456
0.471959
0.193157
0.555711
0.456518
0.218328
0.526094
0.537532
0.312577
0.5276
0.479538
0.524374
0.409851
0.339492
0.408277
0.335741
0.508436
0.352889
0.306415
0.385612
0.309596
0.548874
0.531759
0.325405
0.557754
0.487989
0.446361
0.542404
0.170066
0.201908
0.410139
0.50758
0.370456
0.275193
0.457912
0.380213
0.561813
0.48211
0.386994
0.467894
0.347889
0.313501
0.355384
0.446197
0.262706
0.0786034
0.269839
0.431629
0.555706
0.323931
0.384579
0.304477
0.551986
0.489971
0.554739
0.447885
0.523236
0.434429
0.0860532
0.563591
0.33676
0.0380312
0.342937
0.458013
0.314236
0.494803
0.243899
0.550614
0.537207
0.523936
0.293143
0.310617
0.349425
0.522213
0.166831
0.430707
0.557793
0.144787
0.530517
0.459184
0.104308
0.391532
0.250219
0.516244
0.511742
0.38762
0.301938
0.464179
0.419592
0.553546
0.513435
0.163208
0.375927
0.518045
0.23678
0.283984
0.25931
0.358301
0.412149
0.152633
0.16534
0.367132
0.500663
0.272813
0.500921
0.530381
0.132758
0.434298
0.563782
0.483599
0.357572
0.554972
0.299168
0.489654
0.41949
0.368053
0.411068
0.178351
0.415128
0.262722
0.386949
0.514223
0.51424
0.494013
0.557428
0.418353
0.213473
0.238557
0.520463
0.496846
0.232906
0.245731
0.313645
0.233978
0.44341
0.293444
0.453288
0.553381
0.26407
0.552925
0.423504
0.17009
0.419761
0.377954
0.413488
0.393688
0.435564
0.222799
0.560701
0.502434
0.00147641
0.191405
0.354459
0.544631
0.537859
0.527749
0.0662632
0.516511
0.349855
0.483015
0.434729
0.498774
0.413504
0.236946
0.364528
0.25657
0.49541
0.541987
0.258252
0.403133
0.559073
0.417935
0.465074
0.395138
0.563933
0.48214
0.0681787
0.372401
0.411611
0.467475
0.47502
0.238121
0.53057
0.449133
0.0646695
0.510956
0.0631526
0.430702
0.495912
0.249645
0.461978
0.551018
0.349847
0.375876
0.520435
0.271844
0.540738
0.510947
0.40015
0.387928
0.52507
0.151602
0.408146
0.47567
0.498277
0.334153
0.456572
0.480269
0.545064
0.50913
0.458003
0.513498
0.404367
0.433222
0.471506
0.421786
0.366128
0.541482
0.318131
0.511225
0.419895
0.356171
0.248774
0.49345
0.436765
0.384797
0.211328
0.127663
0.412694
0.513611
0.447123
0.529623
0.445393
0.333977
0.367226
0.375226
0.144397
0.540477
0.537862
0.0936766
0.330412
0.340334
0.494704
0.0981067
0.254239
0.540076
0.0391817
0.137981
0.285161
0.429602
0.502483
0.434193
0.247744
0.487015
0.393808
0.439193
0.490439
0.238447
0.167852
0.444015
0.454385
0.412799
0.353114
0.475419
0.24293
0.103538
0.104857
0.415048
0.479985
0.408711
0.141962
0.18185
0.172333
0.188925
0.435827
0.277964
0.439537
0.47796
0.202083
0.285033
0.48416
0.164176
0.236042
0.513191
0.52848
0.50179
0.531899
0.246973
0.444368
0.230201
0.106523
0.208993
0.27766
0.466989
0.47769
0.392814
0.320645
0.437587
0.356824
0.495375
0.17386
0.102419
0.524769
0.360832
0.447589
0.530969
0.101263
0.369537
0.327776
0.488598
0.56178
0.492139
0.359534
0.284443
0.564027
0.301415
0.0577463
0.150287
0.42269
0.485527
0.142172
0.286875
0.33136
0.401092
0.304822
0.139103
0.463789
0.383312
0.540672
0.126785
0.488251
0.180251
0.409296
0.328539
0.254656
0.184453
0.375403
0.164834
0.438925
0.332339
0.506121
0.349526
0.432296
0.352479
0.137236
0.372102
0.496572
0.507685
0.132701
0.502
0.564125
0.220906
0.455206
0.553286
0.44623
0.495634
0.466637
0.349138
0.296509
0.177828
0.473003
0.249079
0.496828
0.257634
0.461598
0.353477
0.274184
0.353747
0.314474
0.463183
0.496003
0.556695
0.384637
0.44572
0.485693
0.432865
0.355977
0.531757
0.261211
0.455602
0.075837
0.461992
0.442341
0.310971
0.0229496
0.507582
0.424052
0.441847
0.264937
0.226282
0.430408
0.356634
0.438519
0.407772
0.434712
0.0677834
0.436213
0.0550319
0.537456
0.552933
0.12422
0.488829
0.543081
0.539605
0.244863
0.51264
0.119639
0.491907
0.331162
0.430122
0.352676
0.350754
0.558275
0.371981
0.102935
0.380723
0.392274
0.538239
0.365303
0.159664
0.104849
0.382686
0.436173
0.243865
0.151384
0.108538
0.0782847
0.432912
0.407495
0.470034
0.349821
0.393178
0.36408
0.55318
0.384992
0.140203
0.532833
0.474161
0.179405
0.380418
0.254011
0.499705
0.435095
0.437576
0.541814
0.313992
0.464996
0.455896
0.221883
0.392273
0.530718
0.548975
0.485896
0.555823
0.264753
0.0722173
0.344966
0.34575
0.549182
0.493554
0.0936789
0.340873
0.231872
0.510974
0.554217
0.15338
0.227286
0.44553
0.498103
0.247236
0.390507
0.53093
0.513077
0.466654
0.254771
0.249499
0.514257
0.480642
0.529199
0.546196
0.123132
0.415204
0.417505
0.477693
0.440845
0.410684
0.376743
0.300438
0.546636
0.368224
0.240076
0.286425
0.485388
0.549409
0.53956
0.44121
0.412675
0.0692267
0.111196
0.524024
0.214798
0.210378
0.533431
0.336015
0.413626
0.402233
0.469512
0.385585
0.240042
0.35222
0.36136
0.499691
0.524139
0.410089
0.453988
0.392852
0.525804
0.509491
0.173557
0.381668
0.399649
0.315154
0.300133
0.304968
0.492785
0.55666
0.359482
0.305695
0.255472
0.164434
0.454384
0.392822
0.45752
0.398819
0.311864
0.337254
0.421521
0.448864
0.28641
0.293163
0.549095
0.465403
0.459577
0.155532
0.288177
0.529428
0.486541
0.171743
0.355937
0.352396
0.545712
0.199696
0.445429
0.110375
0.286386
0.419523
0.543764
0.177006
0.310996
0.50797
0.331102
0.384583
0.375458
0.275689
0.174912
0.354939
0.544054
0.490686
0.560868
0.46161
0.0477049
0.226909
0.433469
0.0852742
0.550101
0.155241
0.391456
0.147909
0.203008
0.117805
0.496293
0.255219
0.287069
0.271362
0.17951
0.371531
0.345015
0.231704
0.472603
0.2856
0.510255
0.25204
0.201097
0.287303
0.328543
0.335085
0.432028
0.231298
0.499513
0.396319
0.32405
0.412376
0.555093
0.352638
0.54789
0.546631
0.197634
0.336086
0.141284
0.554186
0.300335
0.466624
0.480977
0.530748
0.450618
0.42164
0.542381
0.504426
0.533394
0.305807
0.511913
0.476863
0.508381
0.358257
0.528487
0.238032
0.45248
0.329544
0.193369
0.314009
0.28415
0.259296
0.0965121
0.509837
0.462642
0.339208
0.331913
0.520809
0.499374
0.201864
0.433847
0.330473
0.396645
0.0630016
0.428549
0.140737
0.511582
0.501506
0.516955
0.446287
0.381801
0.527134
0.496765
0.543025
0.460834
0.244991
0.203695
0.503608
0.355356
0.427181
0.296711
0.374196
0.311591
0.337521
0.175844
0.455371
0.532886
0.466078
0.518403
0.483662
0.447711
0.45454
0.5601
0.258971
0.202851
0.46342
0.362193
0.438639
0.177569
0.518509
0.432172
0.488371
0.311345
0.296237
0.437667
0.180612
0.358903
0.333577
0.319186
0.321281
0.241341
0.35786
0.519616
0.262996
0.154338
0.483145
0.257588
0.363666
0.144725
0.543932
0.492574
0.0496438
0.201814
0.406727
0.459389
0.56168
0.505196
0.551566
0.306224
0.301287
0.540459
0.52275
0.483901
0.510739
0.311904
0.463947
0.235827
0.393421
0.406564
0.462527
0.482151
0.434151
0.291397
0.368676
0.496047
0.291619
0.29386
0.415293
0.380778
0.469129
0.391879
0.417781
0.539371
0.523306
0.376229
0.5268
0.239112
0.521168
0.411319
0.053096
0.521709
0.306994
0.260062
0.10463
0.103878
0.489194
0.498708
0.15186
0.458574
0.379533
0.47563
0.498462
0.202616
0.45557
0.381874
0.511417
0.527176
0.15636
0.535662
0.310201
0.480756
0.456852
0.264324
0.115937
0.477033
0.341847
0.283933
0.464712
0.48122
0.271339
0.376299
0.445115
0.291419
0.177874
0.429311
0.432337
0.29858
0.234999
0.534071
0.372331
0.500469
0.547134
0.242487
0.463291
0.142128
0.436156
0.344733
0.536057
0.459811
0.385094
0.270193
0.46691
0.513885
0.401692
0.484657
0.399793
0.344071
0.507305
0.469572
0.370906
0.520313
0.412021
0.405477
0.120382
0.238243
0.548663
0.469282
0.159335
0.394327
0.239087
0.26474
0.455073
0.422469
0.533452
0.421311
0.303897
0.315704
0.434742
0.352232
0.524677
0.30298
0.551006
0.465206
0.5543
0.549367
0.399792
0.334467
0.473939
0.0963929
0.438273
0.204528
0.48405
0.377543
0.207625
0.210283
0.501178
0.378648
0.302001
0.46632
0.484987
0.340645
0.551317
0.515215
0.490407
0.415475
0.370326
0.232491
0.563159
0.446699
0.518
0.477334
0.402172
0.178179
0.315767
0.46995
0.244326
0.550526
0.503233
0.379377
0.372655
0.415056
0.154873
0.384852
0.341135
0.431565
0.141768
0.250223
0.545539
0.254539
0.552812
0.561916
0.507338
0.389863
0.339313
0.205776
0.497833
0.0787263
0.282124
0.440268
0.467519
0.528841
0.542706
0.343306
0.11888
0.255719
0.489012
0.347635
0.553854
0.514738
0.518964
0.393092
0.514727
0.271324
0.0515355
0.272825
0.207726
0.332317
0.0780143
0.337362
0.362861
0.234512
0.510379
0.527432
0.329943
0.0610701
0.542183
0.378223
0.306032
0.17756
0.467836
0.416172
0.112428
0.359905
0.341608
0.44554
0.280026
0.329874
0.446311
0.428373
0.197144
0.205221
0.486835
0.269383
0.442992
0.471986
0.383999
0.491765
0.549117
0.0563918
0.537722
0.114677
0.342885
0.498458
0.527262
0.532534
0.535094
0.268014
0.492061
0.31296
0.406198
0.546529
0.289932
0.380607
0.507347
0.547685
0.124415
0.314704
0.310658
0.481891
0.324555
0.512119
0.522151
0.46819
0.0559819
0.389314
0.49822
0.353314
0.226915
0.48319
0.401598
0.488619
0.159452
0.381827
0.543219
0.507998
0.527327
0.399557
0.36177
0.369706
0.551022
0.441455
0.544206
0.380389
0.10357
0.347638
0.173499
0.360055
0.157875
0.10241
0.493816
0.4607
0.468113
0.258319
0.324131
0.299364
0.547252
0.110166
0.509699
0.302569
0.505825
0.407068
0.310049
0.485592
0.356835
0.24287
0.39682
0.315313
0.420321
0.310656
0.452216
0.475379
0.25452
0.381198
0.432477
0.455207
0.0583955
0.128795
0.52353
0.51521
0.401273
0.552994
0.436525
0.355037
0.433511
0.550769
0.544532
0.262137
0.273847
0.457511
0.14157
0.272857
0.148346
0.553808
0.22254
0.534401
0.165769
0.5465
0.430574
0.544248
0.533172
0.500987
0.334887
0.418708
0.512918
0.146932
0.538853
0.339163
0.493509
0.469593
0.393288
0.554736
0.390187
0.475939
0.305708
0.445747
0.56017
0.337795
0.5258
0.43895
0.405194
0.541476
0.562447
0.316702
0.539705
0.523808
0.234026
0.501213
0.305688
0.553305
0.491509
0.465109
0.239384
0.478434
0.0964429
0.188672
0.423353
0.332158
0.375543
0.447682
0.303691
0.476492
0.214617
0.0845508
0.384431
0.291468
0.441816
0.505207
0.42561
0.405448
0.506973
0.550637
0.269745
0.538259
0.424058
0.534313
0.176306
0.283723
0.353942
0.445001
0.545068
0.116873
0.264691
0.299505
0.352694
0.134445
0.35748
0.39771
0.460147
0.495927
0.0873639
0.563973
0.186308
0.485816
0.527122
0.188819
0.39632
0.34913
0.554467
0.473812
0.459256
0.401576
0.512491
0.548186
0.0818407
0.456419
0.347153
0.296913
0.494688
0.238649
0.239472
0.549158
0.327387
0.310849
0.555654
0.309882
0.300475
0.200045
0.55654
0.312429
0.556047
0.333998
0.235562
0.532037
0.549899
0.33144
0.297701
0.398114
0.446865
0.462911
0.392351
0.177833
0.506147
0.48457
0.120999
0.118067
0.0947252
0.49631
0.165828
0.553882
0.400917
0.540665
0.45642
0.361561
0.378616
0.562781
0.243201
0.56223
0.383121
0.234397
0.555673
0.359464
0.439872
0.286936
0.260646
0.178429
0.0751396
0.187617
0.433932
0.262
0.375995
0.426228
0.32481
0.419719
0.429405
0.517887
0.411662
0.541651
0.558636
0.494725
0.219598
0.269018
0.267047
0.371369
0.0866982
0.529621
0.40717
0.473586
0.333989
0.517071
0.546207
0.476261
0.406148
0.504061
0.385424
0.453501
0.238147
0.416384
0.331565
0.464752
0.462902
0.128138
0.550011
0.529206
0.325616
0.269961
0.136796
0.150634
0.163273
0.42453
0.121731
0.367062
0.174604
0.473858
0.553091
0.288328
0.392889
0.355715
0.109678
0.218782
0.332541
0.537988
0.23848
0.540922
0.3107
0.186045
0.428798
0.344034
0.389261
0.435215
0.171551
0.539281
0.476915
0.357398
0.364481
0.351015
0.457253
0.443587
0.418434
0.483578
0.33072
0.187914
0.393503
0.542502
0.466769
0.533823
0.388882
0.082008
0.17992
0.261515
0.135322
0.533015
0.553855
0.533431
0.352701
0.319802
0.191852
0.376613
0.197341
0.276249
0.359738
0.0647512
0.347216
0.437527
0.445465
0.477139
0.48138
0.333637
0.37169
0.43761
0.386684
0.0655694
0.0517907
0.446472
0.222111
0.518753
0.541957
0.402726
0.458852
0.54335
0.318647
0.237229
0.394856
0.281996
0.507671
0.32169
0.129867
0.403701
0.238499
0.357801
0.448421
0.292497
0.327001
0.555899
0.460558
0.493583
0.404095
0.55685
0.417595
0.471357
0.196323
0.168837
0.208337
0.501186
0.528861
0.104483
0.35966
0.153641
0.351332
0.357523
0.191594
0.272252
0.451925
0.512795
0.358378
0.382747
0.126926
0.447404
0.208424
0.472947
0.354155
0.421444
0.2512
0.502976
0.499769
0.56374
0.284374
0.541525
0.502558
0.443549
0.499595
0.508151
0.149189
0.260059
0.55064
0.362011
0.448294
0.263583
0.353545
0.500024
0.382625
0.213718
0.471618
0.187687
0.560593
0.357588
0.431922
0.318136
0.557101
0.30737
0.366523
0.263709
0.533694
0.241599
0.55678
0.376732
0.519971
0.488083
0.384772
0.183992
0.383679
0.49196
0.179445
0.261946
0.553985
0.40367
0.52132
0.534102
0.270072
0.266154
0.309728
0.279834
0.462317
0.387983
0.212334
0.41939
0.0694642
0.497649
0.319903
0.404981
0.514004
0.553423
0.466626
0.516825
0.400745
0.443934
0.522327
0.355117
0.442578
0.338707
0.371424
0.226426
0.10554
0.207125
0.241673
0.528619
0.423842
0.279465
0.497176
0.391015
0.517188
0.326826
0.54469
0.305332
0.398626
0.251718
0.425456
0.440758
0.397151
0.261806
0.175243
0.402946
0.109482
0.52948
0.455537
0.528369
0.421338
0.393278
0.428619
0.289955
0.230888
0.495954
0.35931
0.491716
0.349337
0.446105
0.526736
0.449247
0.365934
0.360374
0.251202
0.519018
0.372047
0.450305
0.448016
0.141002
0.493097
0.263835
0.353611
0.288157
0.300598
0.112329
0.271567
0.562679
0.218813
0.125253
0.333614
0.444089
0.19682
0.357667
0.432453
0.431841
0.450826
0.381402
0.501036
0.547662
0.469775
0.405963
0.524038
0.538274
0.370015
0.0389245
0.563965
0.454524
0.260603
0.536214
0.427651
0.399248
0.356771
0.497441
0.354567
0.558083
0.201524
0.328985
0.46816
0.414565
0.427795
0.0581528
0.42182
0.549991
0.470324
0.496692
0.173332
0.331922
0.237413
0.179175
0.183157
0.301801
0.31211
0.38295
0.286512
0.339052
0.494978
0.327303
0.36253
0.394094
0.389219
0.52242
0.417112
0.35575
0.346716
0.302864
0.266405
0.335306
0.355461
0.404079
0.306186
0.148632
0.375524
0.523491
0.454231
0.224642
0.41025
0.445817
0.305396
0.416388
0.407138
0.31355
0.102241
0.547697
0.482504
0.413146
0.42065
0.537728
0.362115
0.438615
0.559033
0.231027
0.217776
0.218296
0.19344
0.490894
0.487817
0.495018
0.376893
0.290553
0.391286
0.112959
0.48039
0.138984
0.544821
0.525089
0.214474
0.497884
0.474465
0.334669
0.521843
0.468966
0.357534
0.416866
0.427259
0.505276
0.261614
0.501355
0.508904
0.395915
0.376125
0.473388
0.374468
0.140302
0.341417
0.486169
0.560473
0.307623
0.448787
0.423825
0.392172
0.474046
0.331297
0.298502
0.482908
0.221253
0.491475
0.535543
0.422194
0.448384
0.396337
0.172326
0.56226
0.266038
0.115397
0.199413
0.456846
0.549517
0.237408
0.562134
0.498058
0.518016
0.43549
0.488135
0.193618
0.353566
0.427733
0.237636
0.470631
0.0859675
0.264224
0.276506
0.534732
0.495603
0.112536
0.468065
0.524673
0.162129
0.536602
0.409469
0.517928
0.494465
0.411669
0.264129
0.437092
0.426553
0.559761
0.237554
0.452673
0.419209
0.562109
0.28674
0.289402
0.273543
0.519338
0.0238319
0.56097
0.48398
0.533114
0.40494
0.14609
0.532728
0.499803
0.494778
0.532075
0.170927
0.449197
0.0532974
0.560305
0.34474
0.21029
0.549473
0.441402
0.380872
0.386393
0.212627
0.199674
0.225417
0.550042
0.459994
0.341884
0.43744
0.452224
0.177085
0.501976
0.488455
0.454634
0.390386
0.534164
0.4798
0.208463
0.415309
0.21016
0.15123
0.430667
0.228134
0.091929
0.262362
0.393612
0.374452
0.37217
0.389992
0.453593
0.428767
0.553009
0.389209
0.385418
0.352775
0.121372
0.508138
0.33429
0.385399
0.438365
0.355526
0.552964
0.50996
0.331233
0.139606
0.164546
0.437384
0.102406
0.477697
0.510973
0.550876
0.207224
0.336251
0.536455
0.263666
0.470183
0.491512
0.507163
0.186903
0.386484
0.521329
0.365854
0.329066
0.39489
0.454747
0.541606
0.358713
0.205663
0.321943
0.457197
0.534147
0.482936
0.430606
0.346269
0.540978
0.40587
0.531987
0.218387
0.270056
0.4995
0.510623
0.104135
0.429555
0.46272
0.229516
0.365446
0.427665
0.21012
0.237046
0.541973
0.368177
0.342606
0.475335
0.562418
0.447986
0.461556
0.322912
0.454326
0.474354
0.493989
0.472788
0.393469
0.393659
0.35841
0.459713
0.469996
0.392107
0.56006
0.516037
0.412998
0.14605
0.293464
0.288394
0.393625
0.021325
0.0604935
0.266109
0.0770019
0.150327
0.25455
0.28637
0.136647
0.542024
0.336399
0.234033
0.553162
0.363416
0.380987
0.177877
0.448826
0.37239
0.168393
0.269249
0.505228
0.456876
0.359839
0.520414
0.143509
0.368558
0.235513
0.45934
0.431141
0.48016
0.368586
0.295067
0.144902
0.451601
0.331812
0.316484
0.445658
0.508279
0.547654
0.299159
0.38874
0.236188
0.389656
0.517661
0.236751
0.412911
0.296029
0.183716
0.183689
0.432681
0.562998
0.180913
0.211773
0.563718
0.537281
0.136718
0.54646
0.284093
0.396548
0.543661
0.243352
0.526551
0.310876
0.521424
0.455478
0.111859
0.460333
0.510567
0.0237527
0.501404
0.362569
0.0454112
0.530607
0.476626
0.532354
0.491019
0.280703
0.357758
0.0852701
0.539423
0.502807
0.506061
0.234402
0.184097
0.400614
0.154961
0.537138
0.548362
0.261917
0.215969
0.491588
0.493721
0.477701
0.106826
0.420822
0.418536
0.281551
0.428174
0.183745
0.465108
0.198814
0.144338
0.0971348
0.242333
0.484038
0.521335
0.48293
0.282668
0.514184
0.486898
0.388381
0.385646
0.470541
0.422317
0.187983
0.523592
0.280439
0.430482
0.4897
0.554609
0.124475
0.178515
0.446963
0.310082
0.520378
0.168444
0.20506
0.285684
0.339431
0.332264
0.233071
0.27443
0.409273
0.333787
0.47911
0.263107
0.223098
0.0934376
0.55886
0.547723
0.276141
0.289131
0.555174
0.229014
0.28596
0.470844
0.444416
0.372199
0.438578
0.295774
0.194129
0.520217
0.289162
0.540928
0.459638
0.161137
0.558734
0.400401
0.150488
0.491973
0.482788
0.0947189
0.475568
0.466134
0.439028
0.185494
0.493742
0.516077
0.480607
0.156616
0.202242
0.455179
0.470094
0.330831
0.0180552
0.26009
0.502853
0.295267
0.318074
0.541065
0.399171
0.203696
0.509048
0.268665
0.26261
0.334741
0.351548
0.367276
0.34482
0.14607
0.428116
0.398184
0.439032
0.295257
0.563989
0.147827
0.520998
0.220454
0.197048
0.218482
0.359795
0.252511
0.46041
0.419752
0.151368
0.498871
0.445776
0.330934
0.440671
0.364156
0.528372
0.484375
0.148127
0.414566
0.439869
0.201079
0.529067
0.427485
0.558852
0.398311
0.540268
0.556307
0.443692
0.392704
0.48258
0.37082
0.405005
0.515992
0.142803
0.488752
0.550731
0.474531
0.463771
0.422023
0.0376224
0.484241
0.248093
0.530175
0.402688
0.0868133
0.545641
0.161998
0.463269
0.0785991
0.248254
0.188948
0.13571
0.378138
0.527002
0.349369
0.496334
0.324345
0.438913
0.502666
0.318788
0.544908
0.510841
0.505784
0.341789
0.239615
0.429631
0.180074
0.223805
0.476849
0.171447
0.0973108
0.5615
0.205732
0.513007
0.541101
0.419625
0.363239
0.460541
0.546482
0.417365
0.42177
0.482936
0.434903
0.49269
0.110206
0.299692
0.314425
0.133389
0.385441
0.323538
0.0524997
0.410954
0.217254
0.226584
0.503602
0.106634
0.353604
0.55883
0.253923
0.363973
0.524855
0.228631
0.0722136
0.331574
0.556412
0.508069
0.456523
0.335267
0.0577457
0.14673
0.501233
0.340357
0.435504
0.340966
0.401428
0.421629
0.379841
0.111579
0.341309
0.522205
0.467232
0.479127
0.169581
0.371826
0.54508
0.495639
0.546915
0.414075
0.179859
0.150655
0.362847
0.444562
0.308851
0.4403
0.232141
0.355575
0.503846
0.127732
0.386729
0.515143
0.530264
0.403553
0.527696
0.131819
0.390745
0.479716
0.537467
0.42666
0.498434
0.45081
0.463487
0.469104
0.298541
0.550202
0.551825
0.354769
0.419768
0.492981
0.250883
0.356532
0.489389
0.522487
0.260011
0.453202
0.524948
0.329343
0.207166
0.163919
0.47834
0.316863
0.307288
0.486748
0.487984
0.326195
0.231653
0.382041
0.411088
0.552029
0.306596
0.315906
0.331022
0.464619
0.198181
0.500407
0.464933
0.417225
0.337607
0.205281
0.0994309
0.0690505
0.489435
0.272095
0.21367
0.442056
0.00722411
0.490409
0.441972
0.132879
0.304008
0.530924
0.384344
0.488845
0.492723
0.490016
0.300115
0.476216
0.272204
0.290353
0.336679
0.172273
0.0841959
0.310069
0.367196
0.300036
0.262235
0.554746
0.134939
0.370083
0.459627
0.405201
0.279593
0.418615
0.475983
0.418245
0.353074
0.264583
0.287128
0.0887182
0.433646
0.200598
0.463783
0.241229
0.415497
0.35185
0.448245
0.544984
0.252359
0.440598
0.116333
0.425547
0.465852
0.485779
0.562515
0.339152
0.331948
0.159939
0.460502
0.125215
0.520088
0.232282
0.52143
0.552593
0.259348
0.375801
0.520716
0.468199
0.377594
0.234197
0.101118
0.527646
0.295922
0.490219
0.498926
0.408292
0.0733343
0.552265
0.151733
0.445223
0.323058
0.451654
0.527064
0.525643
0.526087
0.403116
0.275269
0.529851
0.353974
0.503196
0.388093
0.458222
0.367301
0.331072
0.360766
0.200888
0.515984
0.455552
0.44718
0.420168
0.392802
0.509903
0.289651
0.526295
0.191328
0.517432
0.447321
0.257026
0.221839
0.380579
0.46796
0.455511
0.456864
0.511766
0.493195
0.312486
0.526602
0.217437
0.341457
0.257801
0.250327
0.467833
0.338049
0.537594
0.513956
0.34489
0.441701
0.367231
0.452266
0.193396
0.522569
0.493698
0.415043
0.40234
0.273856
0.540255
0.267775
0.562572
0.48353
0.526176
0.383906
0.551572
0.459406
0.511258
0.311586
0.24554
0.334559
0.55854
0.151461
0.292812
0.170112
0.552333
0.0978702
0.490569
0.540236
0.238011
0.20623
0.455812
0.213895
0.466055
0.476496
0.329307
0.523272
0.428621
0.32156
0.450518
0.49147
0.441841
0.555036
0.147939
0.43605
0.400579
0.442651
0.494485
0.443208
0.514142
0.389019
0.453213
0.353418
0.119249
0.516898
0.393475
0.490975
0.551322
0.193024
0.291296
0.319371
0.421452
0.421216
0.142588
0.404059
0.379714
0.547753
0.55231
0.462117
0.478704
0.470749
0.525699
0.558593
0.270448
0.550563
0.542873
0.560166
0.225773
0.373354
0.132602
0.358671
0.412196
0.203524
0.187492
0.199815
0.205334
0.242464
0.159142
0.278612
0.450641
0.448708
0.52164
0.405953
0.379065
0.547521
0.434247
0.45384
0.364347
0.281525
0.499412
0.231313
0.219921
0.477273
0.377711
0.52014
0.0596769
0.114518
0.37904
0.548849
0.371113
0.553295
0.229462
0.192843
0.431006
0.440791
0.0935089
0.46697
0.502558
0.43855
0.553436
0.352243
0.287233
0.261274
0.354491
0.213157
0.113972
0.52431
0.560299
0.560453
0.172015
0.326466
0.401379
0.392334
0.364743
0.385678
0.552875
0.462587
0.459829
0.332169
0.515343
0.481983
0.0841021
0.385956
0.314112
0.461126
0.362502
0.369768
0.337458
0.516621
0.344082
0.263752
0.168287
0.334078
0.56124
0.485877
0.0480211
0.491854
0.429562
0.55386
0.244217
0.208902
0.271543
0.30121
0.393976
0.421868
0.163071
0.160954
0.527243
0.510738
0.279137
0.179703
0.177467
0.54704
0.500441
0.392252
0.0417643
0.176476
0.36411
0.199022
0.369049
0.321286
0.332196
0.497716
0.51855
0.50529
0.554842
0.472924
0.276791
0.26985
0.537825
0.53547
0.388922
0.451351
0.370006
0.459923
0.541157
0.482066
0.272611
0.558152
0.252164
0.367485
0.387518
0.162855
0.338548
0.491739
0.429109
0.376555
0.505993
0.402592
0.557902
0.389147
0.538539
0.394346
0.563068
0.277685
0.355845
0.547722
0.23413
0.347771
0.5598
0.391038
0.50299
0.41943
0.505118
0.505988
0.28697
0.27781
0.162558
0.294416
0.506478
0.368338
0.446511
0.060261
0.485433
0.288108
0.49811
0.430757
0.290679
0.3333
0.424647
0.296708
0.328703
0.531047
0.360365
0.524438
0.127648
0.32508
0.510194
0.546061
0.301852
0.538706
0.0722675
0.490878
0.54686
0.339294
0.374724
0.239661
0.482361
0.301268
0.319817
0.436948
0.535035
0.532254
0.23365
0.406425
0.473474
0.487587
0.531728
0.442903
0.420893
0.472208
0.40846
0.295429
0.343493
0.511
0.350646
0.562473
0.525281
0.498536
0.556692
0.295898
0.0727059
0.189218
0.378806
0.432443
0.177247
0.506456
0.305137
0.248432
0.498292
0.211734
0.204613
0.426215
0.487581
0.437538
0.219195
0.531745
0.418083
0.25432
0.156447
0.322437
0.38475
0.259087
0.310748
0.460496
0.481719
0.432097
0.314599
0.507165
0.245597
0.516879
0.387639
0.144221
0.275434
0.46661
0.104496
0.419557
0.371946
0.456084
0.259642
0.402721
0.371344
0.0846507
0.336901
0.0830214
0.544562
0.553376
0.533624
0.294371
0.361785
0.56356
0.395382
0.240658
0.0803722
0.156444
0.302633
0.521315
0.439936
0.293628
0.331766
0.479003
0.511475
0.101165
0.349719
0.472202
0.263119
0.395785
0.563777
0.378267
0.102705
0.551073
0.441267
0.240911
0.383118
0.152132
0.0831271
0.523088
0.355741
0.074926
0.364928
0.445151
0.560934
0.426424
0.233596
0.249225
0.441931
0.202682
0.129915
0.232022
0.39332
0.304798
0.294647
0.0371333
0.506544
0.557931
0.242403
0.410538
0.205462
0.552527
0.311429
0.11472
0.535
0.531902
0.335535
0.400878
0.277253
0.492683
0.465643
0.378063
0.530766
0.453964
0.336027
0.548015
0.227488
0.388526
0.357414
0.0672953
0.192564
0.534268
0.426133
0.117555
0.457307
0.253112
0.48157
0.092449
0.297636
0.386958
0.242579
0.122602
0.459438
0.335346
0.504658
0.290602
0.562696
0.224477
0.443232
0.552402
0.115913
0.365332
0.242579
0.113188
0.383885
0.186226
0.213225
0.425841
0.535855
0.277287
0.488185
0.473903
0.271069
0.478381
0.350015
0.454908
0.458078
0.388691
0.239338
0.42804
0.116986
0.4436
0.247399
0.480572
0.31733
0.547223
0.341305
0.477208
0.229645
0.412251
0.413888
0.541201
0.299699
0.40776
0.153301
0.529236
0.0900427
0.170943
0.537985
0.104736
0.254783
0.406689
0.0825497
0.507307
0.513961
0.448497
0.515171
0.34636
0.288978
0.311721
0.449661
0.126007
0.339158
0.426983
0.339643
0.550338
0.53162
0.409507
0.389195
0.532224
0.378721
0.252848
0.462635
0.0355771
0.514457
0.420925
0.181994
0.52119
0.490115
0.353273
0.448826
0.370801
0.485391
0.15015
0.357602
0.198746
0.44429
0.419057
0.300043
0.374343
0.20328
0.530119
0.348067
0.519156
0.112304
0.544876
0.560814
0.405235
0.471004
0.428059
0.547216
0.542113
0.362128
0.183888
0.377567
0.171264
0.476316
0.282379
0.263725
0.334699
0.538488
0.442074
0.512181
0.242948
0.397985
0.252319
0.421397
0.201572
0.342402
0.312604
0.494304
0.223638
0.493523
0.351216
0.174242
0.127686
0.520312
0.382357
0.309316
0.49661
0.506741
0.39911
0.421037
0.16423
0.184673
0.477025
0.552814
0.182334
0.357382
0.50235
0.414612
0.435754
0.528953
0.247048
0.426934
0.208212
0.0938393
0.551054
0.397666
0.515604
0.549714
0.440471
0.205086
0.507695
0.440547
0.460266
0.425799
0.0601157
0.509816
0.434302
0.234042
0.246284
0.466227
0.224484
0.503479
0.405397
0.44641
0.261038
0.532485
0.187817
0.418207
0.477614
0.449246
0.340179
0.240786
0.298215
0.472142
0.272932
0.273486
0.25537
0.333792
0.535267
0.552947
0.513277
0.407369
0.274573
0.459471
0.553295
0.241512
0.491821
0.52093
0.36363
0.462235
0.388466
0.553105
0.135916
0.356581
0.444319
0.528331
0.376342
0.325984
0.534645
0.512889
0.407104
0.524591
0.408118
0.404414
0.437546
0.414277
0.550428
0.184328
0.0228334
0.410143
0.0713979
0.225879
0.556815
0.391238
0.115611
0.483057
0.490265
0.237958
0.502155
0.256916
0.216396
0.402286
0.547459
0.55138
0.382667
0.518181
0.437085
0.258523
0.531132
0.230254
0.328229
0.375762
0.322406
0.36593
0.299755
0.312477
0.421442
0.209426
0.503648
0.394596
0.349975
0.225615
0.465419
0.366002
0.146026
0.534847
0.278281
0.535201
0.276631
0.428268
0.34629
0.469902
0.509014
0.372039
0.321481
0.552056
0.521395
0.108665
0.390164
0.482605
0.475471
0.502421
0.319195
0.450721
0.368559
0.278122
0.266022
0.428458
0.554434
0.500504
0.513993
0.335167
0.385653
0.554174
0.434008
0.468551
0.530594
0.556466
0.563386
0.207463
0.433895
0.408535
0.386965
0.391932
0.486868
0.532134
0.358743
0.290878
0.38792
0.426669
0.234077
0.129221
0.464014
0.383166
0.0758915
0.184234
0.228015
0.213772
0.536516
0.460222
0.360685
0.103161
0.54123
0.539734
0.414413
0.535931
0.408096
0.42722
0.0814172
0.0341429
0.419159
0.503203
0.524972
0.453949
0.448393
0.536474
0.296214
0.526617
0.555869
0.546153
0.42607
0.269292
0.0734555
0.534455
0.205799
0.300571
0.238238
0.517216
0.520438
0.361323
0.334242
0.50349
0.198938
0.460181
0.372513
0.55304
0.290285
0.292989
0.424394
0.551358
0.265842
0.414031
0.234181
0.450945
0.179123
0.185127
0.431832
0.269602
0.512326
0.089082
0.0442587
0.369074
0.311438
0.333055
0.555135
0.524448
0.444053
0.366649
0.155332
0.558946
0.123762
0.490937
0.556531
0.505559
0.324512
0.332598
0.538346
0.407873
0.551554
0.437258
0.26709
0.458538
0.481134
0.524118
0.341008
0.0142875
0.497757
0.00980026
0.1506
0.414817
0.429905
0.409177
0.243862
0.559648
0.39893
0.555831
0.46936
0.551575
0.517442
0.268574
0.442564
0.468807
0.412923
0.515323
0.460567
0.24832
0.516848
0.49335
0.350919
0.19085
0.249313
0.545688
0.491863
0.112856
0.395039
0.526241
0.181296
0.386576
0.432823
0.384219
0.460534
0.430025
0.558164
0.544525
0.508658
0.310346
0.396824
0.398331
0.500415
0.186232
0.287621
0.558632
0.395288
0.294015
0.332962
0.464593
0.528403
0.398351
0.44468
0.520698
0.471964
0.350212
0.543687
0.462034
0.461351
0.330905
0.427305
0.52543
0.142999
0.472071
0.473275
0.496642
0.39466
0.151984
0.457079
0.248433
0.504956
0.244799
0.236833
0.4325
0.470052
0.302713
0.365067
0.553134
0.498496
0.540836
0.355246
0.374309
0.497014
0.0277959
0.502855
0.348482
0.172944
0.281242
0.356172
0.26016
0.479345
0.209041
0.301395
0.337051
0.333907
0.553033
0.525657
0.462327
0.557633
0.45453
0.404054
0.281561
0.522309
0.364445
0.010662
0.0271545
0.545122
0.231096
0.516758
0.517465
0.384133
0.227598
0.188503
0.245283
0.470734
0.22973
0.435309
0.360252
0.422799
0.436682
0.443446
0.550736
0.0518375
0.529891
0.455365
0.439134
0.0979713
0.505128
0.315686
0.0364424
0.197094
0.17251
0.328662
0.385448
0.440122
0.537057
0.335475
0.350841
0.2503
0.552835
0.317262
0.458372
0.463887
0.28617
0.0653899
0.494343
0.254672
0.420111
0.552014
0.355989
0.332651
0.495886
0.523711
0.510384
0.24029
0.46266
0.259278
0.412782
0.46441
0.531329
0.252156
0.258015
0.0876362
0.405053
0.535994
0.194928
0.291135
0.346477
0.410244
0.342338
0.0532176
0.413689
0.27218
0.427834
0.487624
0.503282
0.136218
0.48221
0.429625
0.51008
0.491447
0.383022
0.22571
0.547197
0.51216
0.139539
0.173286
0.397133
0.385313
0.190487
0.529618
0.332768
0.520472
0.269648
0.203952
0.316194
0.545117
0.529031
0.424767
0.470487
0.525576
0.229703
0.553443
0.517762
0.461635
0.267322
0.256697
0.264708
0.491077
0.270942
0.161903
0.107403
0.160684
0.303258
0.520187
0.438633
0.51221
0.49303
0.488691
0.501861
0.454942
0.311537
0.430797
0.168393
0.2718
0.463131
0.288296
0.398527
0.0351854
0.342296
0.394713
0.290602
0.562229
0.358529
0.242311
0.241663
0.447215
0.263973
0.286824
0.504561
0.204535
0.531882
0.26696
0.556476
0.425352
0.548987
0.386094
0.546656
0.443641
0.173558
0.392579
0.417048
0.425833
0.424304
0.536985
0.28406
0.399652
0.372636
0.50073
0.488162
0.41478
0.561233
0.302916
0.532745
0.500858
0.406414
0.267551
0.459303
0.503186
0.541073
0.554212
0.502564
0.535316
0.49626
0.369069
0.155926
0.483203
0.241276
0.487455
0.20754
0.302811
0.41808
0.181406
0.427996
0.171075
0.30898
0.514095
0.540228
0.474122
0.230755
0.406646
0.234277
0.0439678
0.151915
0.413925
0.427425
0.292679
0.556169
0.405239
0.523006
0.52114
0.562937
0.380507
0.504433
0.304029
0.428411
0.522038
0.371629
0.248116
0.40018
0.479473
0.440983
0.550101
0.178053
0.54547
0.236807
0.54399
0.125153
0.108866
0.49981
0.221411
0.375925
0.499539
0.529855
0.44878
0.295809
0.262071
0.366142
0.383871
0.417457
0.444927
0.375889
0.329757
0.406819
0.443056
0.480319
0.389271
0.562719
0.405481
0.259212
0.48161
0.0811811
0.557592
0.275182
0.334315
0.339168
0.542446
0.393627
0.131389
0.397725
0.30465
0.41115
0.455405
0.407309
0.461002
0.337999
0.207925
0.481544
0.458553
0.384127
0.54645
0.476744
0.506218
0.406867
0.465431
0.0956563
0.205868
0.500345
0.371523
0.140795
0.463958
0.478641
0.404783
0.339788
0.218489
0.427894
0.387598
0.338393
0.257412
0.442857
0.361722
0.43298
0.458052
0.264796
0.267047
0.37585
0.507896
0.363351
0.548923
0.486571
0.448375
0.147023
0.324814
0.467618
0.487127
0.267618
0.423064
0.38412
0.45244
0.355534
0.289024
0.473159
0.07886
0.339555
0.500299
0.558799
0.336446
0.508886
0.424246
0.318947
0.296415
0.230566
0.539278
0.409346
0.397317
0.237103
0.336254
0.563623
0.29707
0.469183
0.242399
0.364158
0.553683
0.524278
0.2484
0.546851
0.520419
0.340538
0.167252
0.0638361
0.229767
0.403747
0.210222
0.37247
0.282927
0.426054
0.394465
0.551614
0.2047
0.386912
0.326904
0.442095
0.502624
0.166052
0.530733
0.497752
0.492897
0.501986
0.285111
0.14726
0.0449982
0.53911
0.0284336
0.467867
0.162008
0.518401
0.464508
0.478478
0.301868
0.368279
0.327781
0.540211
0.478542
0.394263
0.412151
0.244526
0.190892
0.114812
0.0615874
0.295242
0.414737
0.166765
0.367145
0.30114
0.281802
0.113054
0.520624
0.440614
0.492689
0.554568
0.45858
0.493156
0.313765
0.210507
0.498334
0.350692
0.468863
0.328266
0.480529
0.188518
0.392006
0.515698
0.133467
0.425716
0.305502
0.557289
0.34397
0.200314
0.459797
0.495588
0.28158
0.36804
0.137183
0.458263
0.370222
0.159717
0.542665
0.144678
0.262532
0.24971
0.350212
0.545702
0.42048
0.337081
0.36335
0.547455
0.495191
0.403128
0.498254
0.22835
0.276007
0.335991
0.464692
0.484289
0.455537
0.535459
0.521421
0.38216
0.34307
0.392232
0.236618
0.266925
0.0503148
0.4615
0.449046
0.526089
0.45988
0.503716
0.182847
0.303735
0.203755
0.166044
0.48696
0.444109
0.0958616
0.258538
0.314954
0.451336
0.490077
0.380234
0.512205
0.402647
0.308146
0.451601
0.336409
0.399246
0.301362
0.322742
0.518394
0.286483
0.391193
0.261877
0.125477
0.318256
0.104262
0.557382
0.521862
0.48318
0.087765
0.474887
0.408004
0.43508
0.53297
0.363369
0.460806
0.519997
0.215825
0.391595
0.510207
0.448428
0.429213
0.220759
0.271059
0.366571
0.1569
0.513844
0.293305
0.330275
0.433633
0.399984
0.381126
0.458561
0.515112
0.236869
0.39464
0.27751
0.302678
0.303742
0.331504
0.412987
0.436964
0.45432
0.367375
0.253406
0.434192
0.194384
0.161836
0.536666
0.245428
0.378432
0.44963
0.428188
0.495233
0.475952
0.562385
0.446762
0.516173
0.548041
0.449865
0.489532
0.298731
0.546743
0.445303
0.193065
0.185327
0.39939
0.345285
0.560772
0.0539016
0.359703
0.472763
0.265097
0.452289
0.266137
0.507692
0.372865
0.508382
0.377446
0.310093
0.24809
0.508867
0.411939
0.552554
0.538678
0.347793
0.49954
0.545225
0.197771
0.255448
0.37513
0.291117
0.510652
0.434985
0.411347
0.262783
0.225389
0.303416
0.536866
0.406031
0.50237
0.439134
0.0754959
0.548441
0.501702
0.262646
0.32961
0.366665
0.476908
0.117623
0.402784
0.188603
0.234539
0.398972
0.484038
0.521624
0.454429
0.46499
0.322752
0.258306
0.555072
0.225412
0.516536
0.490285
0.25784
0.290442
0.175222
0.20263
0.546012
0.372187
0.212902
0.313717
0.421859
0.470468
0.546604
0.438815
0.271516
0.40785
0.548388
0.483041
0.543804
0.340553
0.455013
0.46727
0.424158
0.341462
0.348853
0.499631
0.480192
0.051668
0.551609
0.508364
0.396528
0.159868
0.383847
0.432693
0.402543
0.52839
0.491961
0.185909
0.539203
0.297472
0.315263
0.540312
0.386582
0.513208
0.500286
0.295524
0.326487
0.271424
0.529145
0.534281
0.322591
0.470951
0.545199
0.426372
0.508751
0.313136
0.323434
0.382966
0.535141
0.521498
0.46282
0.0861552
0.542521
0.50402
0.296179
0.504876
0.53218
0.0780557
0.471535
0.561057
0.527522
0.343178
0.361877
0.406026
0.421245
0.330793
0.464088
0.199418
0.488783
0.430144
0.347968
0.257481
0.405482
0.301318
0.540472
0.446219
0.269456
0.463428
0.495221
0.14058
0.394422
0.211788
0.326416
0.503248
0.277708
0.175495
0.244445
0.0729575
0.122692
0.513435
0.147594
0.257533
0.54231
0.480614
0.366845
0.464815
0.49198
0.182977
0.505821
0.311135
0.339169
0.554053
0.404223
0.375016
0.485491
0.25193
0.248212
0.0281502
0.517405
0.247857
0.473688
0.3776
0.368555
0.141091
0.17156
0.153058
0.550576
0.474475
0.520186
0.418837
0.409081
0.148189
0.402229
0.405
0.459157
0.486282
0.504265
0.340097
0.273323
0.395209
0.552201
0.309581
0.369761
0.160084
0.189098
0.130379
0.413679
0.507641
0.479213
0.371699
0.55252
0.544689
0.289983
0.0769487
0.450906
0.276386
0.365673
0.335313
0.456847
0.0811664
0.520423
0.431195
0.249218
0.371111
0.534094
0.487693
0.351715
0.450239
0.394201
0.54424
0.358663
0.269552
0.366086
0.309575
0.287062
0.0986545
0.533418
0.453437
0.16035
0.445491
0.552975
0.385865
0.429758
0.531706
0.350015
0.459745
0.29334
0.369829
0.486184
0.495142
0.539535
0.232241
0.521996
0.222813
0.324562
0.113471
0.519985
0.402865
0.424361
0.391606
0.301568
0.5297
0.551105
0.386188
0.500079
0.32656
0.483299
0.190759
0.340614
0.513028
0.0968092
0.519928
0.348469
0.445453
0.214367
0.339323
0.397944
0.3963
0.421947
0.432147
0.429378
0.4428
0.487427
0.456665
0.254752
0.46952
0.534399
0.55615
0.372463
0.560477
0.414872
0.559689
0.53887
0.327462
0.534681
0.520568
0.420565
0.211683
0.561134
0.377071
0.33361
0.393649
0.557874
0.512269
0.553938
0.500823
0.45584
0.393406
0.530857
0.47761
0.371
0.420506
0.407713
0.155578
0.0756517
0.244956
0.267337
0.441792
0.450195
0.359943
0.503528
0.181656
0.339046
0.420525
0.324656
0.306782
0.339294
0.370626
0.539713
0.337967
0.558541
0.217559
0.222724
0.2662
0.437694
0.335735
0.431685
0.411018
0.547704
0.199251
0.271079
0.0632583
0.302816
0.470345
0.515923
0.310602
0.526771
0.417829
0.0580261
0.498746
0.144571
0.42707
0.287894
0.291883
0.360301
0.37236
0.54345
0.120159
0.334263
0.408848
0.0276419
0.330737
0.480616
0.405527
0.259431
0.483703
0.470757
0.299217
0.299415
0.42501
0.432973
0.316711
0.260827
0.160465
0.422179
0.553063
0.44632
0.0452028
0.531482
0.504461
0.495807
0.482252
0.472538
0.0236524
0.414108
0.41811
0.370882
0.543972
0.0502755
0.382932
0.406492
0.432832
0.53348
0.211136
0.499549
0.355757
0.438941
0.143547
0.0345949
0.247406
0.544684
0.547262
0.432328
0.520063
0.497954
0.358519
0.506552
0.349487
0.222721
0.221573
0.267417
0.527693
0.535413
0.258918
0.46423
0.124719
0.314614
0.319442
0.547453
0.456208
0.236663
0.323062
0.498487
0.357135
0.395049
0.297551
0.504283
0.302268
0.247802
0.295974
0.351374
0.552123
0.496275
0.275859
0.122778
0.545815
0.136468
0.32959
0.479484
0.20593
0.19945
0.365973
0.550278
0.355825
0.233287
0.426578
0.153594
0.44797
0.530584
0.380613
0.106364
0.335854
0.505422
0.10869
0.491257
0.427932
0.25319
0.501761
0.328313
0.343363
0.194276
0.528113
0.307039
0.462575
0.147148
0.294126
0.504145
0.543548
0.46627
0.299248
0.289297
0.110602
0.533882
0.500179
0.449757
0.444814
0.185423
0.346358
0.231089
0.462187
0.21476
0.289357
0.526032
0.378887
0.513449
0.526664
0.43366
0.492879
0.521154
0.486329
0.273146
0.355437
0.432825
0.428613
0.561692
0.40842
0.409151
0.143774
0.372813
0.486594
0.520196
0.184472
0.508804
0.208484
0.0438472
0.404266
0.292021
0.459514
0.13302
0.296901
0.350248
0.295444
0.51432
0.208147
0.43794
0.476058
0.309671
0.355959
0.271758
0.380751
0.433285
0.443528
0.507771
0.471136
0.212817
0.359711
0.063844
0.263825
0.202724
0.553812
0.359905
0.340761
0.184428
0.548719
0.545554
0.0870141
0.497627
0.257155
0.449832
0.216915
0.347435
0.45277
0.249303
0.464998
0.48501
0.416196
0.195071
0.253394
0.285089
0.364296
0.294873
0.0727641
0.422074
0.285983
0.340576
0.378443
0.138455
0.24102
0.27009
0.489329
0.49792
0.442166
0.189153
0.225347
0.308695
0.411585
0.429376
0.421739
0.327376
0.545795
0.544105
0.470963
0.408596
0.197551
0.44195
0.0548531
0.526347
0.554924
0.398142
0.508135
0.258897
0.178639
0.557651
0.47537
0.479778
0.140129
0.504542
0.161394
0.336619
0.562532
0.358449
0.221534
0.324278
0.316566
0.353073
0.237585
0.370118
0.0809054
0.443079
0.506864
0.178278
0.229876
0.226076
0.457614
0.101682
0.539611
0.413122
0.397525
0.535561
0.448058
0.130292
0.332062
0.178895
0.508831
0.433624
0.196813
0.281594
0.516585
0.363178
0.323751
0.312989
0.393471
0.431269
0.427883
0.55641
0.47963
0.424527
0.536164
0.482123
0.193012
0.08822
0.545803
0.355109
0.308122
0.518272
0.42691
0.103527
0.536673
0.42424
0.156325
0.317227
0.403657
0.305547
0.366887
0.302344
0.443309
0.428698
0.513072
0.370029
0.414445
0.304687
0.477648
0.340096
0.26239
0.279457
0.410674
0.0682423
0.533376
0.312839
0.403088
0.116247
0.403611
0.332148
0.185469
0.301803
0.338294
0.455925
0.428142
0.46982
0.493959
0.212265
0.0561054
0.256768
0.215691
0.364787
0.23041
0.201783
0.522222
0.445358
0.467529
0.349493
0.345097
0.209404
0.321099
0.0305804
0.34648
0.451067
0.533009
0.445108
0.542799
0.475235
0.554228
0.483597
0.305058
0.454081
0.560237
0.323211
0.523226
0.034104
0.361987
0.477921
0.202793
0.368443
0.476522
0.445256
0.53726
0.52426
0.267056
0.471204
0.410181
0.455046
0.309632
0.197987
0.480829
0.333042
0.392224
0.515556
0.337831
0.202917
0.159486
0.0836586
0.414615
0.482124
0.253635
0.474949
0.440693
0.384497
0.54856
0.475811
0.535384
0.442189
0.237677
0.486157
0.338914
0.520982
0.295451
0.135365
0.397899
0.436502
0.329001
0.281504
0.233789
0.546545
0.248929
0.51222
0.31101
0.297277
0.254965
0.371779
0.175024
0.382582
0.352681
0.417665
0.500685
0.344547
0.189957
0.275465
0.43044
0.52441
0.402171
0.158182
0.226532
0.421997
0.514676
0.39113
0.439121
0.370692
0.399558
0.374629
0.358842
0.0555515
0.547407
0.558144
0.478212
0.520244
0.486794
0.178597
0.235999
0.494978
0.326343
0.290637
0.1549
0.534074
0.437045
0.342657
0.415495
0.310944
0.183229
0.465364
0.475624
0.400544
0.186858
0.430544
0.435951
0.55238
0.482468
0.474808
0.413745
0.46678
0.364736
0.26838
0.197524
0.127108
0.154309
0.280277
0.494185
0.548111
0.473516
0.521948
0.401942
0.328027
0.385237
0.0812625
0.463544
0.371668
0.48032
0.399784
0.0705335
0.466011
0.405285
0.518191
0.221975
0.449699
0.522418
0.360445
0.531877
0.560318
0.213562
0.231823
0.444988
0.318566
0.371128
0.429301
0.222945
0.374996
0.548036
0.340443
0.465796
0.550716
0.509985
0.463134
0.350918
0.123786
0.14949
0.552333
0.562332
0.399545
0.537005
0.357761
0.194712
0.513668
0.485237
0.253056
0.258318
0.311311
0.220669
0.188355
0.283331
0.460877
0.304384
0.555063
0.448859
0.0296106
0.306442
0.332934
0.469931
0.275248
0.288533
0.483849
0.241717
0.559649
0.413396
0.371824
0.529976
0.360576
0.536488
0.134806
0.408707
0.533846
0.497258
0.498491
0.453357
0.298939
0.400041
0.517485
0.424232
0.475475
0.0469216
0.28087
0.32492
0.326474
0.49559
0.346361
0.312137
0.328215
0.552144
0.560459
0.3846
0.192729
0.280806
0.377434
0.503424
0.433632
0.393105
0.351695
0.530744
0.352247
0.363898
0.555277
0.261135
0.427477
0.448064
0.342163
0.460523
0.157563
0.515342
0.475756
0.196056
0.417972
0.309819
0.266578
0.267344
0.506117
0.22257
0.438069
0.477782
0.190969
0.439263
0.0789634
0.266987
0.490067
0.536717
0.0950621
0.218684
0.145654
0.230597
0.463761
0.176415
0.295835
0.0849276
0.515726
0.442825
0.540398
0.352932
0.540279
0.435012
0.502535
0.355411
0.446981
0.223364
0.310734
0.260227
0.422619
0.425878
0.430021
0.506861
0.539147
0.196499
0.481792
0.314576
0.14564
0.551965
0.425626
0.283121
0.339034
0.210963
0.538878
0.499985
0.360377
0.310624
0.431219
0.309934
0.0487034
0.278873
0.326312
0.257782
0.466866
0.452747
0.159935
0.435272
0.484823
0.563708
0.306697
0.433284
0.422795
0.366745
0.499225
0.295775
0.221918
0.31769
0.0926778
0.404686
0.274352
0.293788
0.316558
0.191172
0.467211
0.461848
0.424231
0.451199
0.265043
0.204804
0.479055
0.377077
0.426011
0.423706
0.224041
0.30481
0.465552
0.553671
0.207185
0.398789
0.139986
0.468303
0.438272
0.188643
0.555907
0.215026
0.308786
0.395518
0.522728
0.402743
0.344425
0.467653
0.38425
0.542573
0.497654
0.438401
0.162805
0.404481
0.387799
0.436401
0.471021
0.358532
0.292877
0.158039
0.494733
0.412783
0.475044
0.335413
0.237424
0.355112
0.365963
0.415272
0.418969
0.341736
0.279184
0.397203
0.344138
0.269298
0.239322
0.233857
0.442049
0.462779
0.133545
0.460245
0.420332
0.494391
0.471571
0.496987
0.420348
0.403399
0.303448
0.54264
0.438211
0.296513
0.283084
0.293031
0.521059
0.410012
0.318008
0.465442
0.414357
0.377489
0.060069
0.406898
0.562338
0.531454
0.247704
0.479417
0.484024
0.197596
0.41908
0.315432
0.408684
0.535263
0.496351
0.270499
0.357571
0.545546
0.421381
0.362432
0.483258
0.559314
0.499811
0.256163
0.488183
0.446605
0.360892
0.543518
0.558803
0.446745
0.0754947
0.545718
0.38743
0.403997
0.503285
0.272189
0.516885
0.497673
0.432434
0.462927
0.2986
0.514493
0.404518
0.0802807
0.309284
0.485054
0.506461
0.404862
0.492143
0.435015
0.533716
0.375069
0.513596
0.519836
0.306126
0.189981
0.481972
0.376435
0.132699
0.496346
0.545587
0.550381
0.333673
0.475783
0.38433
0.231691
0.346246
0.175984
0.28884
0.163165
0.473843
0.269061
0.372135
0.143241
0.342603
0.425215
0.502124
0.427172
0.518985
0.455135
0.416861
0.334987
0.174522
0.258517
0.478892
0.249908
0.44343
0.272796
0.317387
0.52476
0.528447
0.550496
0.138329
0.330064
0.266366
0.282323
0.414116
0.54192
0.339961
0.343529
0.197897
0.520495
0.398863
0.240219
0.531499
0.482098
0.520596
0.124544
0.563973
0.162863
0.402239
0.551011
0.560701
0.510991
0.530172
0.346516
0.551586
0.396791
0.183485
0.450399
0.212508
0.386342
0.126782
0.473273
0.465967
0.344073
0.530063
0.296579
0.310986
0.38999
0.425367
0.434361
0.531464
0.498035
0.45056
0.497138
0.410328
0.563471
0.275337
0.523231
0.312355
0.410521
0.346285
0.404234
0.541228
0.497321
0.185707
0.545477
0.435735
0.105625
0.156994
0.349578
0.405479
0.209703
0.543511
0.412556
0.509701
0.347796
0.526382
0.55066
0.431193
0.198318
0.455261
0.451737
0.520281
0.493467
0.388451
0.315248
0.353039
0.540503
0.355226
0.46457
0.491128
0.538722
0.536187
0.113823
0.146427
0.170016
0.271324
0.0502382
0.288971
0.167819
0.110677
0.499063
0.489487
0.541235
0.247823
0.509533
0.326655
0.0722316
0.391959
0.529962
0.4432
0.382969
0.0890938
0.192723
0.208152
0.478292
0.524513
0.276311
0.267422
0.0986674
0.0956212
0.49794
0.454608
0.280942
0.388679
0.470893
0.143703
0.342954
0.310744
0.419643
0.278758
0.545529
0.441936
0.347116
0.550355
0.518433
0.364595
0.498381
0.509575
0.436479
0.307887
0.270675
0.380712
0.115227
0.124757
0.507913
0.321782
0.242289
0.445161
0.377031
0.485687
0.288867
0.53662
0.4167
0.281049
0.461292
0.390366
0.141871
0.484167
0.364042
0.392273
0.526159
0.419444
0.357279
0.547353
0.519658
0.418155
0.352141
0.378971
0.244795
0.148434
0.32633
0.508952
0.161488
0.552154
0.426013
0.449137
0.22524
0.483792
0.284107
0.5409
0.139578
0.460825
0.48736
0.264599
0.477782
0.191582
0.555871
0.121646
0.327547
0.51543
0.393781
0.378715
0.553804
0.541302
0.0947203
0.480348
0.542007
0.350383
0.294482
0.523504
0.360316
0.0417681
0.191284
0.552245
0.528556
0.108619
0.550908
0.561778
0.443443
0.518019
0.48666
0.255951
0.11024
0.466908
0.478403
0.392246
0.494405
0.356744
0.495894
0.286758
0.508132
0.108742
0.335874
0.406304
0.391554
0.206482
0.214895
0.328046
0.194274
0.513048
0.206722
0.3483
0.359842
0.555448
0.271419
0.483778
0.418699
0.370461
0.372731
0.402655
0.454853
0.0946447
0.555513
0.0929432
0.191821
0.511006
0.472031
0.467345
0.31218
0.495506
0.549415
0.28437
0.504642
0.358895
0.122609
0.489329
0.498111
0.441039
0.413981
0.0734416
0.501362
0.234727
0.221826
0.220319
0.553719
0.556382
0.15577
0.234304
0.464509
0.48863
0.464112
0.291347
0.528566
0.419359
0.450499
0.532606
0.546859
0.306423
0.485066
0.366983
0.10067
0.185648
0.501165
0.498174
0.556216
0.300993
0.432639
0.160802
0.296822
0.541779
0.32599
0.197977
0.403263
0.402026
0.545719
0.427017
0.527692
0.517037
0.162304
0.539067
0.417612
0.373772
0.414752
0.483427
0.446761
0.503983
0.312571
0.45627
0.233577
0.474156
0.533704
0.497076
0.267282
0.138478
0.404562
0.544721
0.139793
0.514038
0.511675
0.511418
0.552046
0.2904
0.502468
0.504254
0.491953
0.479384
0.157761
0.203958
0.380307
0.488076
0.182514
0.526375
0.417709
0.475802
0.374457
0.441483
0.270731
0.112352
0.398639
0.487128
0.295304
0.383772
0.410903
0.552305
0.351861
0.150441
0.0678392
0.563401
0.113586
0.267675
0.232606
0.512276
0.325459
0.519717
0.496863
0.160011
0.528521
0.152948
0.235834
0.458687
0.555339
0.506295
0.449893
0.167326
0.314955
0.455222
0.488266
0.529296
0.33639
0.517766
0.537195
0.226937
0.293295
0.0907601
0.547314
0.436718
0.308502
0.278024
0.341197
0.507834
0.120393
0.320861
0.540971
0.200063
0.343417
0.136592
0.196103
0.407413
0.2258
0.154169
0.555571
0.379798
0.31337
0.151983
0.447754
0.463669
0.424389
0.485422
0.469865
0.556489
0.335689
0.556545
0.451974
0.22309
0.522948
0.456845
0.540222
0.331109
0.472536
0.537573
0.441162
0.312989
0.38479
0.521329
0.344822
0.190037
0.522587
0.488235
0.318215
0.454558
0.524782
0.209067
0.52873
0.484993
0.478811
0.163795
0.431377
0.393619
0.487855
0.467952
0.284078
0.112839
0.303786
0.49369
0.193987
0.547992
0.508644
0.41709
0.36486
0.0247521
0.333473
0.459305
0.543105
0.299759
0.375843
0.407462
0.296277
0.518137
0.238003
0.541805
0.509977
0.278677
0.41548
0.461882
0.283816
0.242751
0.374733
0.410318
0.430605
0.342122
0.237432
0.434762
0.296429
0.436501
0.309991
0.526452
0.517137
0.422347
0.366341
0.238876
0.539481
0.205968
0.551335
0.526746
0.211181
0.500065
0.438377
0.556927
0.185942
0.420238
0.432981
0.472719
0.122778
0.547353
0.51909
0.345431
0.314687
0.488964
0.541864
0.236617
0.242653
0.541985
0.168011
0.372354
0.465299
0.411531
0.264986
0.41525
0.430848
0.347881
0.563851
0.517912
0.528258
0.34703
0.496029
0.333862
0.349281
0.411912
0.503205
0.550627
0.469149
0.387525
0.343959
0.48479
0.299685
0.163456
0.479247
0.208521
0.511217
0.148697
0.387827
0.484085
0.27587
0.344498
0.323835
0.234426
0.466253
0.376841
0.257228
0.442978
0.121817
0.410821
0.359455
0.28511
0.137912
0.288194
0.363619
0.28034
0.446655
0.503404
0.40154
0.305189
0.526872
0.229089
0.158446
0.42296
0.499518
0.481143
0.300873
0.49005
0.13588
0.52848
0.500403
0.395224
0.423651
0.469863
0.529967
0.522118
0.531155
0.372403
0.450547
0.224429
0.395174
0.394393
0.542003
0.186063
0.546811
0.407724
0.411355
0.425786
0.383939
0.324792
0.543655
0.508723
0.498292
0.221375
0.432943
0.554291
0.376145
0.406575
0.200695
0.483715
0.322327
0.473372
0.445026
0.155638
0.0468531
0.537848
0.279956
0.292016
0.401543
0.371221
0.26044
0.362444
0.262869
0.416819
0.400191
0.246052
0.454829
0.52312
0.230515
0.467347
0.358072
0.525761
0.360032
0.256832
0.528392
0.533369
0.537345
0.47031
0.128898
0.290036
0.450843
0.282597
0.478335
0.10546
0.279485
0.338881
0.452997
0.083723
0.186497
0.388257
0.346499
0.325457
0.495495
0.341355
0.399062
0.4154
0.201922
0.513568
0.300436
0.533823
0.386985
0.299762
0.41419
0.220414
0.247275
0.39399
0.225909
0.466912
0.543099
0.540504
0.3851
0.387003
0.0833488
0.507027
0.508
0.552894
0.481866
0.128365
0.0887845
0.259441
0.562432
0.385564
0.333219
0.476616
0.350122
0.436509
0.457368
0.225767
0.308693
0.374995
0.542071
0.126771
0.419071
0.528041
0.306221
0.246166
0.437171
0.259299
0.184195
0.361236
0.12989
0.512382
0.16584
0.231863
0.431241
0.314846
0.112571
0.186193
0.396856
0.519001
0.404719
0.449471
0.0858582
0.269425
0.5032
0.46654
0.438686
0.295467
0.413322
0.276843
0.490684
0.535573
0.287254
0.521104
0.0559509
0.305204
0.333886
0.254178
0.295766
0.527608
0.205537
0.437327
0.348306
0.450151
0.315808
0.149814
0.158663
0.249229
0.481959
0.506993
0.0668313
0.514104
0.363736
0.485655
0.454889
0.488946
0.553146
0.396532
0.294752
0.290726
0.508768
0.240734
0.547778
0.374545
0.188653
0.231518
0.224989
0.497601
0.511139
0.536275
0.112038
0.497894
0.272052
0.536761
0.427272
0.343406
0.462853
0.454376
0.190534
0.518357
0.271271
0.401903
0.474072
0.465414
0.237054
0.19127
0.464748
0.390645
0.426164
0.36971
0.15809
0.442302
0.381143
0.345598
0.364542
0.486196
0.345112
0.467162
0.271842
0.531268
0.505785
0.36185
0.38822
0.516977
0.508872
0.509812
0.32757
0.453862
0.389754
0.530435
0.180997
0.488461
0.544959
0.505521
0.309065
0.429655
0.264333
0.298358
0.237216
0.229718
0.320309
0.275318
0.305051
0.367296
0.228317
0.373176
0.119927
0.357681
0.190074
0.430753
0.173151
0.111583
