2.92584e-09
4.91745e-05
0.826476
4.74761
2.88178
3.34748
1.37576
0.29559
4.26543
4.26815
5.87285
2.40961
3.26359
5.22111
0.217223
0.335909
3.3282
4.21696
0.0483691
2.40907
0.419982
2.62314
4.31512
3.70065
5.8461
5.31662
3.31079
0.577832
4.10869
2.6138
4.40571
5.71971
4.78903
1.64904
0.298228
4.62494
2.06236
3.97499
4.75267
6.22687
2.29549
1.55219
6.17355
4.54061
4.73347
4.09361
0.456699
3.96868
5.55878
1.71349
2.74205
4.81603
3.00168
1.49398
1.72729
2.25733
1.0462
3.05688
5.64014
5.71272
0.380537
5.6841
3.17001
3.24396
2.00454
6.19926
3.10375
1.67224
0.570092
5.95498
0.463379
3.14604
2.41364
1.74096
5.74168
3.3285
2.9182
5.91235
0.314687
4.78474
4.83934
5.20133
0.787694
0.0996997
4.32569
5.45536
3.95554
4.62584
4.5579
6.27978
5.58306
1.46521
1.92468
2.20549
3.22499
3.71408
5.31546
2.58918
5.28737
1.69217
2.61
3.37598
2.94001
1.80461
1.12047
0.965851
3.59181
5.04166
0.207683
3.35805
3.13204
6.00271
4.70166
3.48455
5.59667
3.92604
5.29069
1.00385
1.33676
4.49066
0.819499
0.571709
1.72529
0.018847
2.60308
0.168869
4.45993
5.89298
1.5074
1.1366
1.99516
5.57313
4.09701
0.944583
4.28102
2.42415
2.43615
3.13997
0.926977
3.6894
5.31291
3.70776
6.00301
3.49437
0.930864
6.17829
2.56836
0.89108
3.54936
1.58416
3.06943
2.91559
6.03874
0.791875
1.25511
2.0059
3.95381
0.796156
4.09195
3.90584
5.04586
1.55724
2.99351
2.44613
1.27706
0.178287
5.66538
2.67976
0.892344
5.95324
2.57807
0.824282
5.56469
0.579144
1.01912
0.446506
2.29549
1.59001
0.848917
4.9207
2.86078
2.19612
2.84189
5.08275
5.85388
4.09441
1.35245
4.27
5.71092
1.57159
5.40894
2.96103
3.17901
3.77239
5.13689
4.7491
2.90437
5.97762
3.97561
2.76039
5.18173
4.32899
4.41209
6.20242
5.99677
5.34869
1.81783
3.37675
3.23229
0.649895
2.60142
3.62362
5.50762
2.76484
4.58514
5.46175
4.49651
5.03107
4.43929
4.66034
0.119961
5.5671
3.29859
2.91114
0.409625
4.48256
3.07212
4.19515
4.28544
1.25384
5.75938
5.4405
5.59215
3.41773
0.874588
2.82962
6.21635
1.35423
2.80245
1.98381
3.2337
5.53865
2.76288
2.93759
5.06833
2.29436
1.32901
6.27764
0.965125
3.96147
3.87264
0.00373876
0.00552292
4.85911
4.56998
2.00545
2.62464
4.28824
4.2761
1.2897
5.25538
4.45428
5.20693
0.594068
0.513573
4.80038
3.95572
1.34367
1.34175
0.50932
2.44305
5.9826
5.9536
2.44952
1.69153
4.34903
1.78464
4.88119
4.92517
2.65439
1.77284
1.21873
0.0711019
1.20526
6.17785
1.53344
5.15049
0.857372
2.50161
3.77626
1.11137
5.20471
0.991054
6.20739
1.61584
1.46775
0.638606
1.3786
3.98805
4.37314
4.99369
4.37462
4.73086
4.20672
3.97996
0.354627
3.75871
1.42633
2.00294
4.39719
0.737878
4.79137
3.30573
3.48033
3.69444
2.07136
4.41701
0.89878
1.01591
3.04939
5.40496
5.1099
3.4987
4.64325
1.98553
0.850317
3.32097
1.95243
3.69526
3.25522
2.7071
1.62636
2.3262
2.4694
2.80774
2.99014
2.43682
1.75485
0.491742
2.32316
1.59544
4.22094
4.24892
3.22916
4.57798
4.52872
5.93606
2.89465
5.90722
2.02042
2.89299
3.24932
4.15542
2.52479
3.80535
6.19838
0.944953
4.21035
2.16027
3.40367
3.2849
5.21026
0.0939372
1.72291
4.03996
3.43148
5.76701
1.67518
6.09523
1.55027
5.30285
4.36068
2.86357
5.134
0.138756
1.01002
4.4419
4.4474
2.74348
3.65946
4.72313
6.22999
4.37108
1.75622
4.73666
1.07555
0.0267282
3.11452
0.502133
1.02467
5.67561
4.91968
4.69152
2.74214
0.039846
3.67433
3.2577
0.420029
3.4182
2.44875
1.35607
2.42386
3.93869
4.14095
4.45679
3.38451
1.76111
5.12665
2.33678
4.3109
1.94885
0.0587322
0.652178
3.27329
4.875
1.38661
0.347327
0.443812
1.00703
4.54754
1.86624
0.317945
3.00213
2.87243
3.26718
2.80538
0.944435
1.79663
5.23818
4.37082
3.63027
4.27988
2.08083
0.361128
6.20077
3.40796
0.0104139
5.37962
0.184446
2.37222
3.07657
3.6202
4.64301
4.26837
3.36946
0.223604
0.769734
6.11577
1.18297
2.2074
3.85866
3.81774
0.791259
3.47374
5.99434
2.24263
5.26595
6.12141
1.62743
1.58039
2.66618
5.10853
5.64176
1.53678
4.7791
4.36591
2.83907
1.65637
4.18148
0.732437
1.31672
0.714245
3.43674
0.0381978
1.10568
3.76589
2.71376
0.518404
4.31915
2.35814
5.25404
0.776837
6.11571
0.186204
0.504873
3.10543
4.83452
5.86869
1.57177
2.2598
4.83249
3.14131
4.70769
4.22169
4.28303
4.75493
0.228504
1.44873
1.39278
3.53493
4.10054
3.87428
2.33399
1.41247
1.46833
4.10299
1.04255
4.67534
1.00379
0.299322
4.15943
0.785052
5.96373
3.0422
3.90214
5.74299
0.112749
3.72936
4.53565
3.12012
0.337372
2.77486
3.26207
4.85027
0.410646
2.78213
6.1398
2.93891
2.06752
2.80186
4.67013
1.2902
1.07681
2.34061
5.90447
6.06234
1.60195
0.441929
0.778165
3.30708
1.00583
3.25285
0.660896
5.28778
2.31574
2.66338
2.05603
4.48335
3.62399
5.47821
4.7642
5.2565
4.39692
2.44454
5.8763
3.80511
2.27504
3.38981
2.8593
2.52391
1.51073
0.522043
2.64886
2.96805
1.82066
0.659541
1.35959
5.03923
3.314
4.20232
5.42643
1.53153
4.47089
1.65664
2.40534
0.508973
2.88877
1.46315
4.99735
3.0872
0.020287
1.67208
4.17636
2.67155
1.17385
6.0537
0.842193
5.00051
5.94417
1.0754
3.80762
0.40089
2.18335
1.83763
3.20228
5.18888
5.2423
4.56438
2.0699
5.03964
3.96949
0.284884
0.260252
0.963307
4.81961
0.38787
3.26288
5.83802
1.38554
1.28531
0.559157
4.39629
4.43883
3.10786
1.6448
4.47093
2.37734
1.26069
1.46152
2.74007
2.94995
5.411
6.14017
2.793
0.215156
3.29095
0.198792
4.73233
3.71706
5.17038
2.07081
1.45819
3.37111
2.70566
2.53577
6.20354
6.07527
5.34404
5.45075
1.95787
0.932364
6.2681
4.01824
2.941
5.85539
4.34025
5.12335
3.40256
3.59905
1.00038
5.93918
5.16059
0.976494
0.25808
2.15899
0.691272
0.606568
3.25955
0.140775
3.52791
5.38391
3.24783
4.23816
4.63181
4.38856
0.143254
1.20627
4.21596
2.17318
0.416514
0.88411
5.78755
1.39271
2.38833
3.68205
1.05126
0.165497
4.34248
4.78995
4.48428
0.485843
3.70588
5.81511
5.84146
2.70457
3.1791
5.22294
5.77573
3.7802
4.548
3.26309
3.08389
1.01423
6.13311
3.60881
1.71689
3.33906
4.38917
4.19119
0.612187
3.44781
3.83738
4.19695
3.11096
3.59136
3.70009
2.77285
0.950124
3.15589
4.59529
0.198904
0.324317
3.28022
2.01465
0.220285
1.54027
0.673435
2.40626
3.46725
3.75212
3.83972
5.87636
4.85081
3.22421
3.05791
4.08487
4.37935
2.56064
3.05897
3.01456
4.46389
3.35647
1.73822
3.80471
1.75994
4.4194
3.33316
5.89522
1.47908
2.59806
3.75405
4.91975
5.78212
4.28193
5.15961
3.31383
1.44683
0.902794
5.65186
1.57973
4.09359
0.0302574
5.88066
1.73009
5.39579
1.75256
5.9843
3.18444
0.772516
2.61679
4.41376
2.74256
0.676943
4.81402
0.627474
2.77255
2.16504
1.86651
4.76027
2.12692
2.07822
0.349384
3.60141
3.04914
1.27223
0.719265
6.12201
5.4325
3.09033
2.30841
5.05741
1.01916
1.00267
0.362684
0.937774
2.94117
2.39143
5.55248
2.66491
2.59023
4.0922
1.93728
0.377886
5.11713
5.64014
5.77734
5.66252
4.83834
1.07314
3.59676
0.197316
5.04708
3.28117
5.41373
1.74169
5.46319
3.68736
2.44524
5.10129
3.30288
5.90539
2.63918
3.64338
4.70702
5.53413
2.12425
1.19097
4.6692
4.5171
5.52394
0.45785
4.46178
5.5233
2.25805
0.564564
1.01178
2.61881
0.605878
4.23922
3.53499
5.10852
5.51784
4.83403
3.99111
5.63303
5.51923
3.05659
0.710443
2.37181
2.40407
4.32018
0.764912
0.482685
0.900393
3.00111
4.45219
1.49552
2.45652
6.13164
3.95066
4.2801
5.70947
2.27703
5.3986
4.9906
2.69469
0.461883
3.13299
3.04026
2.83205
3.13944
4.65432
5.86123
1.88572
0.918574
0.691266
0.504678
6.11025
2.56465
1.49798
6.05171
5.23687
1.24457
0.813557
1.23344
2.13075
3.6171
2.76629
3.6799
2.71985
2.31349
2.40217
3.77074
2.69846
0.934859
4.21097
6.25429
4.38608
2.53049
5.33617
5.14924
4.98497
2.35148
0.0603681
3.01454
4.01532
4.06205
4.05201
5.02048
2.37105
2.24732
2.4473
2.10051
4.35795
0.910418
1.83171
4.18998
5.36813
1.97731
0.905674
3.78404
0.0351117
5.78574
2.39989
3.24546
2.16428
1.6596
1.82841
5.23797
0.78157
3.98743
0.305975
2.87799
2.36761
0.979378
4.74918
4.18443
0.0724489
4.99438
3.52433
1.81367
2.61104
2.01446
3.23327
4.51859
5.29072
1.45704
2.92173
2.34589
0.31443
0.464015
1.27203
3.55743
5.22462
2.65498
5.27504
1.84125
1.13849
2.2464
5.86919
3.70343
2.31875
2.90948
3.94477
5.93417
2.54963
0.317185
2.79508
3.74432
4.70178
5.42975
0.823242
0.657091
4.18025
5.23627
3.65232
4.13807
6.17029
0.118853
5.78978
1.2232
6.08038
3.28656
1.75173
4.5226
3.70996
5.25954
5.24452
4.1462
4.58954
4.04026
2.19616
3.36073
4.17296
2.03216
5.46127
2.77949
5.76776
1.73835
5.98004
0.736627
2.61385
5.2551
6.04779
2.09185
3.3061
3.36751
5.14032
5.84267
4.16508
1.52825
5.91517
3.74932
0.791893
1.55178
5.57146
1.23262
1.0239
5.25272
3.78502
3.91595
5.26957
4.22009
2.46022
5.47444
4.19307
0.726378
0.000252743
4.24784
3.95057
2.856
3.60872
0.202754
2.20786
5.37264
2.33004
4.15586
3.62182
0.376739
4.67763
1.75611
2.78109
1.10848
0.576802
5.63755
6.23556
3.73321
0.207368
4.34125
3.06124
3.57727
5.628
2.73006
4.32657
1.27648
3.02674
1.71181
5.95093
1.53498
5.98952
2.99678
0.798515
6.04088
5.38567
1.36603
0.0440322
4.91643
0.31663
6.0322
4.02987
3.60278
0.861383
0.810801
5.18128
3.15324
4.12106
3.17338
3.30781
0.743912
5.67407
4.20285
1.74412
2.42975
2.45983
5.22193
1.52682
0.775623
4.57608
4.07198
1.26428
5.33251
0.141726
0.663268
1.18111
2.26803
4.89874
4.51889
4.18689
3.65034
2.20648
0.98743
1.83526
1.06255
1.40553
4.21823
2.54321
5.57011
3.64024
2.14789
2.74726
4.39596
5.24195
4.97617
5.33485
1.77324
1.66292
1.0679
3.35228
0.459827
6.27524
4.71346
0.767936
1.03421
2.67103
4.85817
1.34189
2.72645
0.20783
5.8391
0.666288
1.67313
3.0288
4.98119
1.61807
1.34407
1.77478
2.39155
1.30768
5.83411
4.80075
3.87398
3.61819
2.23891
5.70418
1.24345
0.716953
4.97088
4.38668
0.114676
4.69963
0.719609
5.62322
4.11315
2.17329
2.40277
1.35119
2.08157
0.111747
5.74514
4.93525
2.47213
4.58662
5.22479
5.51536
0.814359
2.1578
5.9192
2.27572
2.21206
0.506772
3.5933
4.87822
5.30427
3.09947
5.13535
4.03842
2.73554
2.21366
2.19382
1.769
5.77499
3.93423
4.67833
0.989854
4.87838
1.58308
3.84567
5.36963
1.97674
3.82297
0.791192
2.34779
0.837507
1.64533
0.791876
1.27434
4.71569
0.445793
2.88344
6.05224
1.47451
1.24104
4.29736
0.510989
5.36733
0.958579
0.755092
5.08387
5.93254
0.286013
0.37864
5.2133
0.887056
5.03389
1.42935
2.50834
3.76485
4.11678
0.337575
6.19751
5.10386
2.5986
0.200047
0.67889
6.12276
5.44827
4.21652
5.24249
1.49676
4.50466
3.70524
1.39826
1.43107
0.00988734
2.8137
2.57463
5.86225
0.141131
3.22641
2.36563
5.40046
4.98805
3.8294
2.08478
3.92074
4.10841
4.04882
1.6281
0.163365
6.20177
1.30533
4.03585
3.52062
2.36834
0.758322
2.82182
0.865293
3.68069
3.40926
3.03856
5.57067
0.512675
2.27824
0.633403
1.88
5.28836
5.73656
5.20202
6.09657
5.10999
5.01318
5.27659
2.81939
4.0344
4.36007
5.12557
2.94185
1.21664
2.52304
5.84746
2.93556
2.37784
3.25215
1.43103
5.65026
6.19426
0.860759
2.88072
4.32996
1.7531
2.57157
4.64913
0.196381
1.90966
1.21043
5.10942
1.72705
4.50983
2.56748
4.93276
4.5383
3.62577
3.97687
5.01773
0.00173007
3.94455
2.17669
2.96476
3.09263
3.3277
2.0015
5.3905
0.867092
2.50789
2.43105
5.31832
0.352705
2.87066
4.80998
1.8378
6.04393
6.28318
6.27748
4.65971
2.19775
5.00509
1.25036
3.77453
3.41067
1.58143
1.2668
3.61675
3.22804
4.69794
3.8203
6.21806
5.01681
3.48577
0.921564
0.672366
3.29104
1.54755
3.59164
2.10088
4.26446
0.435843
5.30703
5.50572
2.08647
0.913577
4.67516
4.15878
2.53076
3.67584
3.49001
3.10462
3.86103
5.81088
3.85741
1.61091
0.249212
3.90006
2.15821
0.151844
1.0769
3.83729
2.6631
3.5716
4.58907
2.34974
2.29741
2.36422
0.54416
3.66382
2.62741
0.696218
2.04368
4.30502
3.54361
5.47813
3.34178
6.1232
0.378507
2.98668
0.691981
6.23404
3.4527
4.39009
0.799455
2.98441
0.372888
2.79669
5.76782
2.76153
5.39418
6.26545
3.45137
0.780901
5.31762
1.19543
4.17421
4.12348
6.11475
2.87529
1.0012
0.874526
1.78023
6.11331
3.75707
5.35458
0.395125
5.81586
5.96522
2.93216
1.77331
2.89184
2.70695
5.44211
1.24803
2.41755
4.77017
5.11592
4.22694
4.53385
4.29371
1.97283
1.05861
4.3231
5.78641
1.04153
0.0239919
1.10776
1.11936
1.2444
4.19889
4.23771
3.25144
2.03201
2.93404
2.0158
0.588381
5.46912
2.79678
0.928497
4.09693
5.91864
5.54397
4.15273
1.28122
1.07032
0.101
1.03933
0.68539
2.26944
3.5257
6.05598
1.54249
0.149922
0.188748
5.56798
5.56911
5.73795
3.43942
1.08433
3.06021
5.11714
5.88489
3.6635
3.44888
2.96411
4.73335
2.08798
1.08359
3.22305
2.39029
5.20351
6.07608
0.0300201
1.89369
2.85612
5.59488
5.30007
1.57303
4.6113
5.27509
2.65754
4.4515
2.55018
3.30684
3.30219
0.575122
2.53645
4.91427
1.66372
1.93433
1.16219
4.75402
3.8998
4.05483
2.05657
0.969071
1.15834
2.8601
3.35007
1.02056
5.81678
2.57018
0.195956
1.05108
3.55038
6.19165
0.881273
2.09588
1.94225
2.2263
1.02333
2.02413
2.38499
4.02988
3.78443
0.236768
2.10552
0.491434
3.41823
3.08581
1.80875
1.58788
2.76033
4.13819
2.04567
0.0104574
6.11163
0.633784
2.00042
6.00368
2.19452
1.03928
6.19201
0.731627
0.263171
6.03786
4.93407
1.38475
0.637498
1.59947
2.74896
1.52688
1.77559
3.4509
5.54367
5.35107
4.21268
3.50357
4.76161
5.66741
5.36195
4.77332
1.46995
6.27244
1.64169
2.35645
1.88183
4.68425
6.23188
4.81489
2.69303
4.0317
2.91415
0.643826
1.14279
5.42466
3.16269
5.84949
5.64253
1.82945
3.95301
6.12862
3.41836
5.21925
0.344381
1.19143
6.12795
4.80795
5.4656
0.203191
3.25744
2.35894
6.0926
1.21358
1.43616
3.75073
5.6329
3.45248
0.532643
4.88193
4.8449
4.451
0.326322
5.5516
0.450105
6.24964
1.69594
3.14017
4.31854
4.70255
5.93539
4.33356
5.72884
1.07585
5.12288
1.77706
3.02772
5.72306
4.41823
2.50893
1.05831
5.67053
1.31987
3.44548
2.34223
1.65344
5.06866
1.48179
4.14007
2.10867
3.28064
2.84555
3.81308
4.19154
0.136759
5.14722
2.37074
3.40421
6.0928
4.68904
4.98436
4.76705
2.84772
2.55568
1.53452
4.41255
1.34347
4.1543
2.55757
1.73663
2.15607
1.89415
4.32535
5.99599
4.88946
5.66934
0.136069
6.12133
0.337734
2.57584
1.02762
5.00165
0.0727507
3.78252
5.78975
0.690692
3.42443
0.458914
3.4967
2.40885
3.02491
2.4563
2.56777
3.51298
5.91297
4.39213
3.70479
0.0700144
1.77665
2.434
4.68596
3.55434
3.48283
1.68757
0.736158
1.01549
2.22617
5.07876
1.66966
1.2043
2.60406
4.07247
3.32798
0.45776
2.95276
2.38105
0.621138
3.09921
0.834499
1.35871
2.75386
2.21876
6.24427
5.60554
2.19874
2.75926
5.03678
6.17114
1.89261
3.62312
3.46782
0.90003
3.18272
3.14056
4.58447
0.518976
1.36385
1.08653
2.4204
2.35382
1.66105
1.03474
5.38157
1.54206
5.61318
4.97098
6.05823
1.57548
1.78493
3.45458
4.51697
3.23767
3.05667
2.21086
5.39397
2.58999
0.128197
5.75343
6.02881
3.57282
6.26988
2.51656
3.69238
5.06648
2.56496
0.272736
3.42707
0.817436
3.61094
6.08979
4.28096
1.30193
3.54285
5.21934
1.84017
1.92304
6.14486
6.18845
3.66753
2.09147
3.27714
0.517701
5.07518
4.28297
3.73701
1.28273
1.25917
1.03004
1.76424
1.24071
4.98291
5.47785
4.95869
0.570171
1.00536
1.55211
4.78427
3.24885
2.46171
5.45375
2.09038
3.74919
4.9022
6.1998
5.99638
5.1698
4.88228
4.31297
5.29012
3.94583
4.82796
2.49226
3.67728
2.63926
5.0366
3.00185
4.34025
5.11214
3.46153
1.85224
3.68814
2.98024
5.64632
2.697
1.63312
2.9156
0.000246013
4.13474
0.577051
3.53307
4.26655
4.1948
4.68263
4.09956
6.17002
1.75736
4.91829
0.0325568
0.54546
0.371947
5.82306
1.34875
4.90941
1.5938
1.80071
4.63801
1.85893
2.97314
5.71753
5.79977
5.60326
1.57491
4.7275
4.29713
2.9412
2.97774
1.31163
3.18174
5.64086
5.24688
6.02373
6.11418
5.7707
0.934333
1.65179
2.49121
4.84717
4.84194
4.87397
2.85557
2.6306
3.99812
4.06582
4.66214
5.21185
1.70988
4.90228
1.13354
0.753963
4.94931
6.232
0.485408
2.66993
5.28489
3.98066
5.93642
2.70399
5.94366
5.01749
2.36989
1.55064
5.20691
0.261402
1.43634
0.590621
5.41252
0.273263
5.99825
5.1788
5.46017
3.21683
4.71304
6.2725
2.62296
1.32954
2.53657
0.684269
2.27487
0.608693
1.28131
2.43216
5.1747
5.64988
6.06853
5.13377
2.61908
5.13613
4.55508
2.88099
2.60815
3.72408
3.79102
4.19414
6.20421
4.64388
0.0264029
3.92989
0.81793
5.63033
4.25895
2.06296
1.48807
2.8366
4.27724
1.62627
0.917301
4.42242
3.76224
4.34147
0.463147
5.52698
1.27526
1.36181
4.60305
4.93621
6.02064
4.49537
4.65255
1.22666
1.35369
0.128542
5.2726
4.78042
1.37366
2.64018
1.70087
4.25278
5.25177
0.317252
3.91326
3.9816
2.87602
0.688143
4.55678
0.110064
2.59393
3.38145
0.642502
4.02347
2.73804
0.174675
1.52354
2.07282
3.96998
2.36102
3.42208
4.83083
0.496001
4.79232
0.303256
1.15984
2.95517
5.26833
2.12656
2.31441
5.36457
4.94306
1.75027
5.12266
4.41916
5.64162
5.46873
2.59379
1.14342
3.48367
3.33594
2.2052
4.55714
6.10719
1.4786
0.884976
1.4938
5.03635
5.16667
2.51965
5.4531
3.7848
0.242907
4.74463
3.06439
6.14873
2.23212
4.586
1.037
5.52216
1.94985
4.25738
0.94481
1.80862
5.69701
0.139291
3.71785
5.93507
5.21084
3.56954
1.3279
0.190878
3.65755
4.03158
0.974261
0.428913
1.93224
3.60847
2.31604
1.31968
0.219729
4.75606
0.409835
1.73006
4.84179
2.35121
1.903
2.22697
6.07743
3.90991
4.38456
2.1777
0.970316
3.24218
3.55289
4.37572
4.32903
5.07472
2.88298
4.62525
1.0166
2.05988
0.078298
2.76861
5.06107
5.86282
3.54051
3.56294
3.61693
6.20645
4.57701
0.69853
3.20961
2.79279
2.9831
3.42425
3.6768
0.93301
4.55922
3.30154
2.16889
3.69321
0.207075
5.71111
4.75996
3.19165
2.57072
2.91043
1.02123
4.35604
0.217836
4.35272
1.07901
1.57536
5.95037
4.67111
5.15279
1.81401
2.09003
4.11894
5.24668
2.66604
2.77333
2.71076
0.370996
2.40742
4.04817
3.25476
1.31247
4.63592
4.32818
3.22528
2.30605
3.15603
0.777376
2.61123
5.1097
0.183011
3.39641
0.728521
4.60486
3.97117
3.45376
3.20934
4.44108
3.21757
4.52985
6.13017
4.43152
5.94687
2.40143
3.95944
1.15835
3.07086
1.91097
4.31554
4.39971
5.33717
3.08039
5.02976
1.12618
2.82634
1.47033
0.147492
3.31557
5.47768
2.12958
2.88221
4.23871
1.17895
3.74941
2.24411
5.15807
2.65842
0.325933
5.30938
0.8714
5.80573
5.37879
5.15307
0.139808
6.12553
1.73154
4.62411
0.623133
5.20905
4.91455
0.0776837
5.0101
3.80349
0.108245
3.4381
3.93845
0.182552
1.96028
3.62565
2.01451
4.09426
5.11632
4.6221
4.63105
4.31383
0.81526
4.73896
1.9866
0.0202265
0.654065
3.57764
5.55315
1.33074
3.87124
1.51402
5.51796
0.557168
2.36852
3.73014
5.0504
2.44892
4.0707
5.01289
0.396267
6.1634
3.71898
6.04181
2.08151
5.42718
1.57518
2.97024
0.998113
5.47109
4.491
0.249754
0.452272
4.96471
1.1679
0.259536
1.49451
4.28918
1.21112
4.09297
2.16391
1.71793
1.99185
0.142801
6.15841
1.43468
4.16059
1.38992
5.83647
0.387969
4.94007
1.81264
4.09186
2.41659
1.13826
4.6537
1.61595
3.35226
0.152634
1.77295
3.03932
5.87381
6.08003
3.68867
5.56367
2.17198
5.46185
0.0411945
1.20539
1.96015
1.41855
3.20489
5.13931
1.38492
3.41625
1.20571
1.15018
4.05055
5.61494
3.10973
1.75599
0.873803
2.21023
1.15469
4.35568
0.517415
0.271171
2.26521
1.53324
1.86494
3.58568
2.41366
2.206
5.44551
1.8176
5.77264
2.01529
4.69422
4.16229
4.98779
5.86804
3.24264
4.99522
5.08364
1.93224
3.63164
2.02889
0.6292
0.371858
4.3374
1.22525
2.72289
3.24134
2.0283
3.41318
6.1821
3.8476
0.0437327
6.16562
3.31137
4.04148
3.94188
1.20201
1.7919
1.0787
2.78698
5.83575
0.905597
2.49685
5.48174
1.23097
4.75073
5.03487
5.4588
5.17897
2.06196
3.58725
3.78968
0.52929
5.06263
0.685785
2.62167
4.67541
2.03321
4.14499
3.16552
3.18436
5.64547
1.1045
2.84654
1.68394
2.56922
2.85652
5.99643
6.02504
3.03007
1.0945
4.30425
3.24081
5.6961
3.74868
2.51587
4.6693
6.16032
2.17329
2.38959
6.05022
5.20917
0.62549
0.834084
0.656015
4.9354
4.99035
4.9016
2.38824
2.20573
0.878623
1.52906
0.608626
0.152947
0.760287
4.42246
4.48167
0.557991
3.64158
5.85012
3.6923
3.70479
6.25387
3.62182
0.406096
1.71234
2.36166
1.61322
1.49829
5.09211
6.17562
1.72571
0.84266
0.280622
4.03174
3.63662
4.11958
3.36323
2.20602
5.77808
5.52506
0.487182
1.07811
5.35287
3.03746
6.01032
0.603233
3.7553
0.77327
2.72462
0.756807
2.49209
0.842516
4.1543
2.64893
4.23238
1.62004
2.97451
3.58096
4.90377
1.17545
1.46365
0.969987
3.98128
3.77376
3.05097
0.610498
0.194901
2.157
4.93208
5.76183
2.59594
5.8515
1.6708
1.54226
2.55776
5.02675
0.891836
3.68669
3.72453
5.10097
4.27547
3.24489
5.17274
4.13977
3.46418
2.40933
4.74228
1.22177
0.802851
3.51621
3.59589
4.40934
3.81741
1.65866
4.8387
0.73811
2.40832
0.321551
0.774247
0.296893
1.03547
4.98869
2.17176
1.76
5.28959
1.40234
0.817038
3.19272
1.64951
1.88016
1.78776
0.692923
3.20875
0.921516
6.15863
5.16723
5.69539
4.32025
1.93846
1.42085
4.17402
1.02441
1.24852
4.39195
0.695753
0.517413
0.235569
0.798973
1.16723
1.47102
5.3231
5.38906
1.82711
2.31614
3.00764
1.26347
4.17983
4.33323
0.273565
4.79799
1.4307
0.0825756
5.54718
1.48031
4.48993
1.15744
0.396228
5.50845
4.02183
0.341158
3.58252
5.88689
5.86406
5.56367
2.26
2.02269
3.39344
1.1032
6.0653
1.02236
4.5235
6.1939
1.01149
4.04635
4.15076
5.89591
0.45638
4.88658
1.2017
2.78233
3.1194
0.82638
3.1277
2.14152
2.40171
2.30161
3.9503
4.5575
5.87823
4.85809
0.00817447
5.44148
3.17633
2.64172
2.46948
4.11696
3.38015
3.92026
2.39016
2.97315
5.90066
4.8367
4.81296
1.65716
4.88579
0.552414
4.16109
3.55709
5.7087
1.90214
0.373896
0.889924
2.97606
4.52164
0.0600962
4.72636
3.91566
0.405475
3.84113
4.34238
3.10066
6.25842
4.82354
3.65573
4.85437
0.155634
1.92734
2.93017
6.04333
2.60238
0.972446
1.33962
2.30468
5.24711
3.7314
1.16474
3.64154
5.13625
0.336634
2.93533
4.84665
2.47837
2.72768
2.04728
1.8647
5.72291
1.89558
3.2093
3.86672
0.947039
1.57573
5.91943
6.18244
3.16156
5.66167
3.08047
0.014683
1.73239
6.2824
5.67757
0.157032
0.29648
0.366704
5.66902
0.970324
3.36158
5.90123
1.92353
1.8316
2.30291
0.576452
6.03475
2.79809
4.14385
2.80741
3.66738
5.95926
3.24814
3.17033
2.33678
4.32108
3.38344
2.63673
0.278814
5.05029
0.631032
6.02508
3.64598
4.30392
4.03194
0.682943
5.12841
0.379688
3.98499
3.29063
1.05513
2.3525
4.67366
4.10281
4.20989
0.724037
4.64784
3.7657
5.85297
1.34474
0.384154
3.63875
2.28006
6.0825
1.10464
5.11428
1.66282
5.67964
3.54443
0.303367
3.02065
6.23148
4.39495
0.742009
5.11062
3.06851
0.0127848
1.24605
0.443534
2.62139
3.93701e-05
0.661692
6.11025
2.67171
3.74588
5.75506
1.97802
0.203297
5.04936
3.84805
1.4301
2.53812
1.67574
2.9512
1.27121
2.38611
4.05769
6.19593
3.68693
1.51423
2.69642
4.34339
1.3422
1.69461
5.99085
0.136211
2.22193
3.01323
0.839161
4.31872
1.38631
1.74104
0.859678
3.5656
4.28825
4.51032
4.5223
4.9296
1.63048
2.50737
6.2653
0.975431
1.2356
0.743633
0.980903
5.23981
0.384788
1.73898
3.89006
3.67763
2.21089
5.99247
2.25334
3.09623
0.920129
1.69371
3.27284
3.63109
5.42234
1.91144
5.99159
0.075464
5.40399
1.4116
5.70046
1.61012
5.97074
1.51104
5.66639
0.727263
2.30942
3.23375
0.105204
2.5931
2.05774
1.76513
3.66323
5.19154
5.8439
5.88051
5.48133
0.688588
5.7585
3.24079
5.36919
0.838208
0.855966
4.00279
0.903843
4.43103
3.944
5.46816
5.44475
1.64103
3.83863
0.153099
3.31672
6.02462
2.30696
5.86356
3.45542
6.04628
1.86052
4.58466
3.62907
2.86521
1.1758
1.07733
4.84634
3.50013
3.44621
2.10101
0.162801
3.01758
4.79752
6.10766
3.04751
5.22625
4.92843
0.862841
0.183694
2.29946
5.3917
2.27847
4.58767
4.06754
2.08879
2.17436
1.50664
0.850423
5.10197
2.17618
0.638864
5.70866
1.22304
3.28393
1.45856
3.23793
1.28235
1.15109
0.415154
3.15074
6.16486
3.15693
3.31388
2.22039
2.29103
2.05362
1.73823
3.85113
2.83859
6.25047
3.11781
5.46968
5.86142
5.17491
2.80085
0.243847
1.69863
4.44505
0.943939
6.02369
5.44339
3.84196
5.88423
5.12985
5.77175
5.96394
0.219963
2.40089
1.082
1.71455
1.78745
1.81185
3.41627
1.4535
0.0123891
0.878918
0.198925
0.685111
3.863
1.2371
0.949247
0.995025
3.83733
3.45146
2.40179
3.73786
2.84558
4.33536
4.58642
1.92198
0.893821
5.64321
0.674275
3.96198
6.0849
3.7725
0.829046
3.95082
0.804484
5.82556
5.60878
0.187522
3.81346
4.30183
0.24397
3.77478
1.46315
5.07013
1.05099
1.87934
0.429232
1.00657
3.04601
5.10733
4.29303
3.09585
0.888076
3.32455
5.70127
2.73139
1.44845
2.95757
1.56297
5.09407
1.37697
1.81899
4.10264
1.31115
1.41811
1.99299
0.573987
2.31484
0.0496745
5.49844
5.41482
1.24628
4.34312
3.11234
1.61894
3.26363
5.95125
0.676388
1.76737
3.56168
1.25092
0.714378
5.66666
5.3417
3.83601
0.0433015
5.20137
1.41201
0.123314
5.36349
5.59406
4.03625
4.03415
0.0242497
5.44063
1.4812
0.591887
1.56261
5.41155
2.82309
3.25864
3.73787
3.05197
4.73809
0.034491
1.63675
1.04522
5.46542
3.47817
5.18856
6.12898
3.18241
4.33644
3.89122
4.33285
0.16534
1.70367
1.14075
2.64457
6.24514
1.47225
0.864857
2.64838
1.20643
0.64239
2.14303
2.70651
4.27432
2.89927
1.95245
3.97447
2.44821
4.76182
2.98006
2.65528
4.04183
3.55752
0.438306
2.71951
2.92518
3.78913
3.86983
2.9855
6.10869
1.45393
0.952745
3.23465
2.70849
6.15009
6.22615
2.67366
5.13349
4.20855
3.36504
1.23753
1.90652
4.91527
5.89596
1.2236
0.190341
0.91416
1.89865
4.59242
2.09071
3.06551
6.2087
4.80517
2.79524
0.176701
4.1443
4.12729
1.05091
0.68946
1.56109
4.88969
3.31466
2.78982
3.31642
0.968498
4.0953
3.73213
0.900901
5.24611
5.73386
3.78393
4.4447
1.25389
0.399447
3.06528
2.38725
4.39933
5.30349
2.57027
1.58356
5.65858
1.4831
1.09864
4.81395
5.80497
5.11513
3.51172
3.44851
3.05544
0.258899
3.34619
4.91626
3.72906
5.75239
0.994437
0.234668
4.51472
3.20885
2.55711
0.367866
0.0691866
0.430316
0.368651
0.691228
6.1394
2.41063
1.51295
0.120139
2.272
2.63067
5.15677
5.90909
1.97671
3.41743
2.09722
5.63331
4.05677
3.33295
2.3224
1.41917
0.962614
5.73963
0.292802
1.39242
3.81927
1.42194
3.56728
1.15122
2.61847
1.15354
3.97873
4.90247
4.37473
0.24309
1.5438
3.38883
5.22389
2.908
4.05806
6.06177
4.58366
5.70834
2.1042
3.5844
6.06373
6.05536
3.71961
4.02593
0.168415
3.1218
3.47964
4.70642
1.82338
2.43316
3.12587
2.77852
1.89872
5.83009
0.0461017
1.9996
4.73322
6.17867
2.6932
0.591048
0.0354658
5.45454
2.84475
2.97521
2.75909
2.1678
4.22855
0.12507
3.46826
1.96657
2.56
4.9166
3.11432
3.38937
1.85335
3.4894
5.42573
2.3501
2.09844
0.956241
5.44315
6.20771
0.692087
1.72193
0.0910608
3.64418
5.46881
3.89436
0.586861
5.05171
5.71531
6.15038
4.76172
1.3069
5.33668
1.0819
6.25465
4.17521
2.17718
4.85369
1.45184
3.49153
3.45181
1.97318
0.561347
3.49177
1.24879
2.50659
5.84173
0.836473
3.10854
0.625202
2.27879
3.6146
4.74645
2.34463
4.27606
0.690654
2.78398
5.81123
3.47335
5.80606
4.52974
4.18768
4.39566
0.157308
4.93034
1.62579
5.39461
0.831349
4.96431
0.755336
2.89944
4.71473
3.17132
0.0465479
3.21528
3.82218
0.10665
1.76246
2.72651
1.17347
5.88651
5.82926
4.89414
2.71616
3.10592
0.456493
0.504923
3.93319
5.93777
0.241394
4.4474
2.70532
3.19875
2.52572
0.496564
1.6858
2.30708
1.55346
2.33834
5.4679
1.0933
3.03041
0.603037
0.466166
6.00066
1.63646
2.44463
1.22157
3.83899
6.20737
1.23951
3.61224
2.85324
1.06783
2.30624
0.00850954
4.78981
2.16496
0.612903
2.92035
4.34816
6.05036
1.38496
4.063
1.1114
5.6816
5.09692
5.33035
1.54659
0.0645133
3.56776
2.87832
1.66342
3.22045
2.80528
5.65104
0.332486
2.33387
5.74131
3.31361
3.96275
0.21196
6.13106
0.407248
2.22083
3.40267
5.32744
2.82362
6.03886
2.8662
5.3927
0.11659
5.45245
5.32241
0.0415357
0.657723
2.22063
0.051077
3.93869
4.13087
4.67515
4.01854
1.61485
3.76142
3.04908
0.263613
0.89788
4.73491
3.08978
5.67393
1.85683
5.4839
6.0821
0.697432
3.59231
0.867959
4.51694
2.82991
4.87038
5.48231
4.59667
4.43767
2.58132
5.16308
5.11001
5.29569
3.29483
2.52142
3.68888
2.77531
4.62621
4.6466
1.70546
6.02813
4.65797
4.31431
2.67351
2.59815
5.30635
0.228461
0.712878
5.59333
4.30122
2.58897
1.80748
5.4425
1.56554
4.41123
4.15692
2.64794
0.119485
3.85264
3.02975
2.04161
0.785638
3.23876
2.54342
2.67279
3.02992
4.96813
2.09496
5.37215
0.314777
0.0124865
2.51505
3.4994
3.82846
5.16481
2.69181
2.26901
2.68188
5.01141
0.624126
3.04289
2.99092
2.98087
3.57507
0.0830237
0.51154
2.05516
2.39044
1.51655
3.99674
5.92736
1.2174
2.72459
0.374819
3.83959
3.71932
5.44723
5.56496
5.01803
5.12242
0.328532
4.99794
0.540631
0.898124
2.55455
1.35446
0.48686
1.95175
4.86617
3.82488
1.45461
6.09797
3.4838
5.56674
3.53572
4.77982
3.99123
1.38891
1.40955
2.61859
3.13808
0.651887
4.6762
2.7623
5.81879
4.91085
0.747229
4.86812
5.20167
0.295694
6.01993
5.12733
1.11202
3.52838
0.764538
0.476104
3.38936
1.68198
0.918376
3.63786
6.14697
4.02221
0.499049
5.75425
0.907603
4.78888
5.46204
3.20287
2.60081
6.00771
0.854524
4.89839
5.0192
5.99426
0.946779
3.48282
1.65123
5.72233
4.83357
2.58778
0.586356
2.85819
2.67475
4.60824
4.0722
4.97386
4.17718
3.90341
1.85709
3.45618
6.18961
4.30003
1.48818
4.70819
0.0562998
3.75353
2.32487
5.18303
1.16497
1.31356
4.17729
5.66022
3.86154
1.92145
4.52213
2.05269
4.85528
2.9235
0.815779
0.884591
1.30951
5.153
5.37036
1.74054
4.95151
5.47407
4.29576
4.95557
4.68173
1.47174
4.89158
3.57647
4.84909
5.7826
6.17401
6.14782
5.7317
5.11892
4.37878
5.43023
2.63182
5.72206
0.202859
3.95769
3.1148
5.21895
1.68213
3.55506
3.1645
4.90146
0.00991654
3.30451
1.81225
3.95669
5.08579
0.397698
5.07769
2.58757
3.40933
4.19022
3.15163
2.25089
5.96075
3.20134
2.0317
3.93692
5.80988
5.96747
3.00287
2.71393
3.32573
0.302861
0.801413
4.48361
1.71188
0.844048
4.77353
4.95225
5.32033
2.84109
4.29853
1.32839
2.13818
2.86722
3.5892
5.0491
5.77482
1.02679
3.59936
6.23836
0.548947
2.44443
4.08511
2.14677
2.75343
1.30973
2.56636
5.1103
4.02309
2.73805
0.314134
1.7822
1.42373
2.28467
1.90791
3.2226
1.17736
2.13175
1.55401
5.26102
5.00447
3.36252
2.8664
2.41876
6.19237
0.524938
1.04531
0.695043
1.14406
1.68337
5.58019
3.50469
4.716
5.65411
1.78282
5.6608
1.02666
1.50462
4.6883
5.10102
5.09393
5.22376
0.742988
2.71221
5.83859
4.65052
4.80883
1.37475
2.11842
3.69566
3.64978
5.45295
1.22384
4.28633
3.67916
2.81167
6.24325
1.12964
4.35624
3.57798
5.03509
2.75832
1.71462
2.9225
2.78716
2.67515
4.98682
2.10704
0.979064
5.7522
4.17476
0.844803
4.8903
0.917534
2.055
5.98693
3.41034
2.41097
0.846726
5.7992
2.38465
4.58674
0.995378
3.47786
6.19453
5.4424
6.06792
1.21019
1.07101
5.43844
2.42708
1.41493
5.07975
5.76843
0.534053
3.43647
1.63717
1.76488
5.67487
5.00325
1.72016
1.83596
0.290932
1.3815
2.42472
5.85692
4.85213
0.219905
1.43426
3.35462
2.13038
3.76261
4.29003
2.90905
2.98647
3.50748
1.3222
4.85944
3.82458
2.80977
5.7245
3.5632
1.6525
1.84745
4.81213
0.370775
4.9854
3.36166
1.05679
5.26999
4.97644
3.46882
4.99876
1.68599
5.50854
5.55056
1.89158
5.20519
2.84143
3.77727
5.58368
5.54629
5.45531
3.18399
5.7072
1.74614
4.8939
4.84193
4.7976
1.10768
6.05453
2.21587
1.63097
4.38809
4.83305
6.25322
5.23328
3.78462
3.4009
0.842457
3.15837
2.43013
2.50707
1.36166
2.12716
6.21738
6.19426
0.879445
2.78245
5.14691
3.55669
5.40874
5.93398
5.70645
1.71232
2.0438
6.26113
0.035551
0.603075
1.10244
5.79608
0.236966
5.42322
4.20788
4.54844
4.38706
0.174955
6.22728
2.79908
1.90589
0.599967
5.4159
0.57089
0.531937
5.58166
2.93217
1.87781
6.14527
0.578896
3.12695
2.06723
4.22881
4.58048
2.52426
1.1159
5.93126
3.92875
0.463554
6.0937
0.966208
3.31067
4.89256
1.23314
3.3612
5.88364
1.49419
5.18972
0.417618
0.583383
3.1476
3.59153
0.279455
3.2612
2.81633
2.78819
1.11708
0.526601
3.85044
3.73826
3.28622
2.37453
4.19765
2.34383
3.37845
0.399155
4.4351
3.2595
5.54929
5.64762
5.68635
3.18565
2.15936
0.691953
5.75459
0.352365
3.43573
1.81239
6.24812
1.30238
4.77584
6.20143
1.88215
3.78735
5.35278
1.50592
1.33304
4.82704
5.9019
0.549531
5.96763
5.75463
0.974029
2.81192
4.08994
1.56695
2.8318
5.29128
4.55547
3.18749
1.68351
1.5049
2.97156
4.23446
5.22857
6.28279
5.96558
2.63656
3.6844
2.9876
3.69569
4.21288
0.67278
3.96673
4.30305
1.90501
4.70695
4.40793
5.40141
1.98837
4.63576
1.78221
1.73338
4.12848
2.20143
3.97583
0.142481
0.787122
3.06165
4.07427
2.04802
1.86188
2.31714
0.941552
3.60863
4.92681
5.11628
3.9756
2.57456
4.67089
1.61144
2.91136
4.14536
3.18966
0.437718
5.40072
2.99273
1.94767
5.33495
3.39015
2.25361
1.43609
2.56681
6.23743
3.74315
3.92194
5.48507
0.68939
0.39093
4.42972
0.900366
2.54767
5.01803
5.03499
1.11904
2.06833
3.8083
5.54675
0.610326
3.58294
0.351982
3.27744
5.59522
4.66247
4.45603
3.23041
0.535654
5.2225
4.74873
2.87222
5.95551
3.19202
2.38031
0.796069
2.6236
5.67548
2.69016
5.99983
0.293567
1.68396
2.83378
0.803805
0.697404
3.12038
4.83797
1.09715
4.93279
5.07661
3.27496
1.53561
4.03123
1.27689
3.6066
2.16044
0.0245802
4.71215
3.85003
3.24081
5.7111
4.49654
5.40377
3.9674
2.98107
0.807026
4.57996
0.104682
0.0909116
1.13652
0.633861
3.30748
1.44466
2.12832
0.539807
5.89777
0.324305
3.06484
1.16321
3.03948
2.24664
3.68622
2.14717
3.11904
1.06631
1.84005
6.15983
0.206911
2.94957
5.3939
1.40922
3.36172
2.01496
5.35671
4.78607
2.19849
4.80788
4.32333
3.39957
3.53371
2.46001
2.00754
6.22166
2.69663
1.56099
3.2691
3.5701
4.49257
1.59641
1.74085
3.97627
1.20395
3.00194
5.92249
1.09009
5.70366
5.16125
5.69016
4.43027
3.80893
3.64658
1.8917
0.896313
3.53671
2.50858
1.46283
5.99752
5.40738
1.89152
4.07054
2.19475
4.80015
6.25508
5.0987
3.79488
6.27862
4.92508
1.21038
4.24119
5.30101
4.7136
3.02785
1.55025
4.89397
6.01499
3.75419
0.887527
0.392728
3.23656
3.33616
5.95461
0.546787
3.83897
5.85553
0.278969
1.37493
5.10454
1.38461
4.48664
2.49521
3.04906
6.14986
2.324
3.18824
1.68319
2.55031
5.38451
0.808314
1.08072
5.21763
4.59099
3.20047
6.21997
5.64306
4.45521
2.07483
6.23054
1.18406
1.70319
5.59579
1.65085
5.63004
5.62379
1.1425
0.651677
1.14709
2.30714
2.50656
5.2626
0.0791542
4.59213
3.62477
6.05024
5.61053
4.4672
2.4089
3.81254
1.45572
5.90065
4.76436
1.72109
4.82748
0.648763
2.43356
3.60212
2.28392
1.87597
0.362675
0.793299
0.0633336
2.58975
2.32237
0.967548
0.692146
2.72824
5.05036
1.80517
4.31459
1.05905
5.4927
3.29887
1.23895
0.631539
1.96836
1.22216
1.16865
0.295515
3.01045
4.41963
0.824763
1.09004
4.81763
4.86049
2.56933
4.69368
1.29513
2.34835
4.09148
2.25054
0.00153375
0.644989
1.83711
0.693303
3.31127
2.39236
2.36314
1.32714
6.24778
1.81966
2.69101
1.51135
4.63062
3.22403
0.072178
0.441363
3.82425
3.4399
2.88081
5.87394
1.90058
5.68744
2.74433
5.38453
1.15903
1.88186
5.07411
5.17369
1.28999
3.81299
2.64097
2.33879
0.453555
1.39082
2.04371
4.70382
2.10767
5.22154
1.15881
4.504
5.14745
0.045124
4.41699
0.540543
5.71079
5.65834
3.7323
3.79467
2.75934
0.119176
4.94201
2.89665
1.82716
3.12968
4.02029
5.87815
3.60041
4.96894
3.16872
0.438281
2.297
1.84022
2.77799
5.61697
5.90025
4.24051
0.151162
2.1739
0.000579348
3.45391
5.83688
1.03957
4.84605
4.85971
2.05739
2.20855
4.28169
1.00918
2.98463
3.95756
0.975462
1.75395
4.13545
6.23177
2.92157
6.0362
2.04549
3.24477
3.13087
5.12261
3.46547
5.36602
4.15166
2.21266
4.36165
0.376889
0.927673
2.81895
2.83244
3.38014
3.74501
3.64254
3.11535
1.94809
6.2037
2.48479
3.74939
1.9085
0.474563
2.61868
4.8049
4.45238
4.66364
5.30618
3.79736
3.90918
4.66989
3.6017
1.62637
2.49733
0.908048
5.99031
3.63391
2.62522
1.61642
4.98588
5.14566
1.29066
2.53251
1.65541
0.520946
3.06628
0.199255
6.22816
5.13569
3.39304
0.698992
4.6929
0.805076
3.22043
2.33026
1.53534
5.68945
5.09675
2.40171
2.3979
1.12908
1.26022
6.11044
5.85241
4.54518
6.15373
4.54051
3.03356
3.27807
3.47022
3.48858
4.10969
0.456145
0.949223
0.578665
5.53095
5.27194
6.23034
4.11359
3.30155
2.28223
4.91593
4.41849
0.612649
4.93892
1.31251
5.32175
1.54806
5.9109
1.00788
0.04372
5.95329
3.43597
5.90268
1.10647
4.41315
5.14858
0.207523
0.664218
4.5673
0.880938
2.7358
0.204525
0.550101
2.97652
5.99406
3.91668
5.03421
0.549169
6.17102
6.14725
2.38636
2.01797
5.70515
4.97922
6.25479
0.283581
3.48904
5.54007
1.39225
0.989717
2.57888
1.77127
6.25793
2.87226
0.333333
4.01479
1.41735
1.89609
5.4963
0.959208
5.03838
1.59861
0.936257
2.57559
3.05322
0.771593
5.95129
1.35047
2.52135
2.54228
2.35682
1.80319
2.47811
4.63547
3.06656
5.03926
3.7576
1.70405
1.12629
4.5653
5.05679
3.10693
4.85253
0.751572
2.46703
0.612493
2.30966
0.920081
0.8898
0.886735
5.91938
5.3447
3.92962
2.56865
5.82215
4.89888
0.546764
3.44189
4.80222
3.33903
3.88936
4.50486
0.785007
5.20748
3.54709
1.04801
2.09636
3.71085
1.38368
1.39938
1.48347
0.969301
5.02395
4.02579
4.19439
4.07966
4.76456
4.96808
1.30984
4.54072
0.348868
1.21882
1.49898
4.11284
3.11003
0.426848
4.91344
0.341481
2.71851
5.00012
5.69644
3.17913
5.70234
1.76641
6.27014
0.653279
2.93509
0.778641
5.02267
1.43408
0.220042
3.73406
1.84211
3.07103
4.70113
0.88554
4.68862
4.13385
4.41903
3.42272
3.08355
1.4694
3.21748
3.13147
2.73674
3.49817
1.96458
0.504348
0.55156
2.36628
3.85027
0.9566
5.18336
0.324573
1.29474
2.06536
4.23112
5.59657
2.29606
4.76879
0.69211
2.11636
0.496946
1.82387
4.41769
5.94275
2.29358
0.935387
0.524732
3.86626
5.84066
1.74775
0.553417
2.16915
1.87463
3.01769
0.450878
0.387667
6.14633
5.85988
4.34143
6.08867
4.35592
4.63313
1.44435
3.164
2.67327
4.92299
3.63631
5.21721
3.84807
1.62523
2.17334
3.19576
2.47194
1.39937
1.31829
2.00332
4.53212
0.219484
0.643446
1.03919
4.62088
3.04176
2.839
0.560717
5.47923
2.98066
0.163193
3.31035
5.76384
5.05787
2.45809
1.23239
3.38974
1.71354
3.58913
3.99883
3.36158
5.93728
4.54487
0.943789
3.50015
3.83356
2.87483
5.83729
1.67982
2.33155
4.48352
0.348515
1.56551
3.78356
4.48159
5.49842
5.08142
2.33827
4.31746
5.32469
0.601879
6.13327
6.18689
2.54387
4.09446
2.19299
0.345607
2.95746
6.01194
2.83528
0.883631
4.0186
2.73318
0.194945
2.89978
4.16736
2.10748
2.03198
2.39022
4.04904
5.36826
4.13829
3.59551
4.26084
2.42302
2.36925
3.41427
5.6058
0.342046
5.93565
2.32674
5.2304
5.50948
2.55571
2.01121
5.21252
0.325549
5.12429
0.330802
5.44592
2.47343
1.35735
4.94964
5.44893
2.8106
0.782977
2.51152
0.730606
1.95308
2.03344
1.79498
2.65311
5.29608
3.58554
0.191664
4.30147
0.531502
4.55165
1.87461
2.70774
6.21458
3.02443
0.668769
5.65946
3.71467
2.80749
5.08282
0.830254
5.407
1.82194
3.4185
1.31281
4.21428
5.41397
5.73102
0.0257295
5.17879
5.27646
0.545366
5.08071
3.02477
6.27727
1.13149
4.05279
5.4684
3.20873
0.529153
2.76564
5.32515
2.11772
4.63574
1.46504
5.38559
0.0172181
0.358248
1.785
4.62395
4.31969
5.08845
1.17258
3.49832
4.44804
0.83682
2.66011
3.67075
6.01037
1.55845
4.51893
4.75294
4.47645
0.779343
4.26517
6.13088
3.82208
4.73924
0.522179
4.93665
0.85725
0.450984
2.15957
4.26842
4.1419
1.45245
1.07385
2.8251
5.62999
4.78915
3.71309
1.34827
3.22878
4.45397
0.0292904
2.1947
4.03229
0.207122
0.216
4.91448
5.27072
4.62541
3.71309
1.27205
3.96032
3.27117
0.6092
3.51908
1.60234
0.715085
4.98927
5.48356
0.407604
1.93482
3.11382
1.29538
0.273524
4.11604
0.387406
1.75008
2.02841
5.14939
1.185
4.83475
3.56362
2.47646
2.00442
4.06828
1.90963
0.688054
3.06158
3.01298
2.99965
5.16643
4.91117
6.07794
6.26542
2.93563
3.49321
0.362579
5.45176
0.0097993
1.33409
3.57676
3.29532
4.3897
0.503236
0.713418
2.09892
2.72317
1.63308
2.24472
2.70174
5.8726
4.57473
0.118665
2.6318
5.26483
6.24506
0.072887
6.07464
1.01064
2.42032
0.910839
2.63585
4.28583
1.42648
4.54659
4.74382
1.97253
2.24903
6.13875
4.12015
0.407476
6.06249
4.19826
0.015542
3.60435
2.11117
1.28607
0.784311
6.07478
3.39856
5.40478
2.13258
2.95256
5.39826
5.56137
1.32057
2.67446
5.95272
0.282565
5.26465
3.2344
4.66249
4.94212
4.80772
1.53223
3.69288
1.00484
5.45811
6.18191
0.538792
1.40624
3.55612
2.1086
2.09933
3.27102
4.39958
3.23575
2.2269
4.79201
1.41058
1.09769
1.45859
3.88832
5.79862
5.14714
1.08522
5.5351
5.87708
4.48956
1.20741
4.57196
3.85078
3.30069
0.487477
6.03559
4.414
0.492468
1.95389
3.09309
4.70664
5.52298
3.14915
4.45043
3.30646
3.22033
0.649127
2.27447
0.16559
5.90062
4.20156
5.17693
5.4375
5.35638
5.443
3.67822
5.89278
4.34724
3.20667
3.55668
5.20752
4.34667
6.10242
2.99196
1.51893
0.0973859
3.13587
1.14078
3.10745
0.999936
4.69488
2.58451
2.25886
1.60115
5.86354
3.108
4.07039
5.93453
2.30272
3.62572
3.2004
5.13287
6.23441
3.40682
5.98004
0.66793
4.13256
1.60686
1.43446
0.358755
4.02249
5.11846
2.79035
5.98669
5.6355
3.08395
1.99024
4.63784
5.20747
3.5253
5.62694
3.77298
2.56726
1.28386
1.40617
2.48397
2.62134
5.4744
3.59255
4.87662
3.44222
4.02535
2.98608
3.29844
0.411503
4.6266
4.92403
2.42177
0.273111
3.44752
5.20011
5.43713
5.47254
3.64885
2.30182
1.04408
5.15142
3.89457
4.10731
4.56031
2.82895
1.25951
0.61038
4.49316
5.15522
4.8766
3.16954
1.65637
4.04473
1.94768
5.47367
3.81803
5.78862
0.506313
2.16705
4.25109
1.93901
4.40805
1.05644
5.51902
5.79045
6.14871
1.86321
5.86471
3.85735
0.53777
3.08198
0.287568
1.39273
2.79441
5.18407
6.00712
3.51311
1.77797
5.82643
1.30776
0.893194
1.37934
3.89204
5.59112
4.84337
3.88174
2.05928
2.54732
5.4402
0.474067
0.571508
4.63235
0.908654
3.61467
5.92768
0.266205
0.477527
2.16607
0.282081
3.41491
3.84234
5.86489
0.627655
5.80908
5.04536
5.81641
2.5338
4.49512
0.380221
0.381122
2.94964
0.240938
3.07126
2.3107
5.87681
6.12442
2.00852
3.91668
4.97535
4.00032
3.28346
6.12081
4.13068
1.42644
3.74224
1.20261
5.51464
1.36808
3.16239
0.881731
3.49386
4.8676
2.61923
1.45
3.95947
1.52308
0.656704
3.95096
3.10934
1.47551
5.46463
2.64006
5.90692
3.27153
0.421198
4.20295
3.35965
5.01185
1.84188
5.42792
1.53971
3.70452
1.79123
2.45433
0.791918
1.97547
1.3591
3.08903
5.60771
0.995977
0.972351
6.0297
5.88784
3.0755
4.43308
0.786551
6.02438
4.48009
5.48739
1.89446
3.30256
0.487829
5.66692
3.40245
1.65946
5.74433
3.79835
1.78556
1.36514
3.98284
4.79291
4.07774
3.82271
2.68216
3.45552
1.39185
0.57007
5.58671
6.2031
4.85344
3.47651
2.40797
0.807207
1.33591
2.80595
4.33663
0.848144
4.48906
5.40979
4.5763
1.34981
4.03181
4.79852
3.96161
6.14387
2.11376
0.90412
2.80855
4.0698
2.43232
1.6802
2.55834
2.15927
5.44153
4.06442
6.23856
3.92793
5.50795
1.97465
0.168606
0.0387937
4.83792
0.20237
2.03252
5.11153
5.80205
0.0738192
2.89175
1.12712
5.9792
5.44403
2.08588
3.43162
1.96315
1.69868
5.24537
5.82913
2.73519
2.49593
2.50232
3.12438
2.93783
2.77635
3.13025
1.01718
5.5193
4.23274
1.46956
5.94126
2.36546
2.60352
1.17846
1.82182
1.44262
5.58623
4.35596
5.28233
4.97474
0.0315989
3.29557
2.36616
1.74619
5.73886
6.18536
2.07227
1.0148
3.16074
4.57645
3.94092
3.96353
0.749864
5.1727
3.4501
4.61099
0.118204
1.1728
0.841606
1.41491
4.76818
3.10797
3.57938
3.391
4.0674
6.00349
5.20559
3.20094
1.58176
0.490175
1.11301
1.24243
2.44713
5.54972
0.247056
5.36945
5.18848
4.76389
0.109942
0.543004
3.08909
0.446638
4.51951
1.96413
5.63612
0.959252
5.77521
1.36122
0.874354
5.17417
2.95449
0.0455579
5.42683
2.03482
6.14892
5.29653
4.83949
1.39428
3.6389
4.81456
3.50098
5.21328
0.630906
3.90079
1.7553
1.82638
2.60535
0.608243
6.27264
4.90122
2.24515
3.75913
2.32174
2.94158
2.99066
4.90714
1.19018
3.93366
1.38906
3.87727
2.37243
0.25965
3.41379
3.78571
2.94356
4.81333
1.56874
1.57368
2.94294
0.707655
5.77337
1.8351
4.70147
0.265244
3.18156
2.58378
2.47465
3.06014
3.84343
5.30816
5.61722
3.72712
4.61669
1.71212
4.91762
1.37327
2.37165
6.0635
2.24532
0.277519
2.13869
5.11817
4.34353
3.74506
4.60046
5.35288
3.15243
3.09083
4.40609
5.79111
4.60476
2.26329
0.69594
3.65893
2.06772
6.1146
0.31069
0.434053
0.344423
1.90382
3.53888
1.37923
2.10071
1.45335
3.64531
5.72268
4.29029
1.00643
0.782601
2.46014
4.28191
4.6775
5.84926
1.73222
3.37904
4.08109
3.61635
2.67725
2.60835
0.716114
3.43188
0.0276348
5.78566
1.05669
3.5302
6.18944
1.48145
4.73696
6.05368
0.632709
2.79525
0.423311
2.02063
0.110395
1.87031
5.89003
2.06575
4.44202
0.214255
0.725635
0.0797846
2.62046
3.298
5.56186
3.28307
5.93789
2.25593
2.61627
1.97166
0.182539
1.74293
1.13108
3.42494
2.62662
6.17699
5.88123
5.02562
0.656708
4.01897
2.58634
1.48909
1.14891
1.4908
4.77943
3.66551
5.88696
0.853565
1.35076
1.13747
4.05885
0.558918
0.36619
3.31145
5.40637
3.70844
4.85457
3.63326
4.14139
5.49613
4.39293
4.48124
5.95914
1.30983
4.26992
4.25324
0.474202
2.84185
4.43217
4.3149
6.24067
1.72161
1.06212
0.49566
5.33978
3.02005
2.38644
3.26061
5.45323
5.89965
0.529763
0.460072
4.1088
4.39308
0.835532
6.14303
0.627825
2.38387
4.06964
5.97801
4.33719
3.86096
4.70902
1.55011
2.56309
0.415678
5.6877
0.785406
5.62629
5.33871
3.87143
4.77601
2.74819
1.05384
5.86512
4.45078
2.89919
0.592967
0.872522
5.81136
5.75741
3.71491
0.483397
0.300448
4.22377
1.51628
5.73669
1.05006
5.13988
4.69947
4.36424
6.10641
0.87874
3.49196
4.34014
3.27975
0.366431
1.09121
5.6996
6.08685
5.16779
2.54913
4.54887
5.29083
3.38449
1.38325
0.499941
1.88881
2.62944
3.30946
3.31099
3.85138
0.782104
0.391429
0.254298
1.4157
5.49924
0.141713
0.450294
3.12789
5.24217
2.29925
1.91197
2.22505
5.21967
1.18177
0.781758
0.861792
1.39243
3.96714
4.77797
4.2283
2.16248
2.81377
3.73137
0.605674
0.794544
2.13975
4.14833
2.7423
2.66645
3.41933
2.64621
2.54467
4.85842
5.50225
0.357867
1.6698
3.55052
2.17019
0.561006
4.05114
2.91091
2.83148
6.10527
0.579488
0.523829
1.25831
5.44983
5.22909
2.33559
3.13118
4.10719
2.54824
2.00159
0.612546
3.20252
3.00371
4.19372
5.35059
2.49335
3.09498
5.11775
3.49017
5.72691
6.27434
2.1001
3.71249
3.78302
1.61625
2.02267
3.03717
1.15802
3.79983
1.52372
5.16039
3.93632
2.02783
1.69095
0.993709
0.555008
3.77044
3.80829
5.32389
6.08137
1.0488
2.85019
0.128814
3.56554
3.36687
0.59252
5.92394
0.358441
5.02511
4.78016
3.28095
1.67789
1.38164
4.88556
3.00141
3.32618
1.65594
3.13614
5.70806
3.72461
0.162514
4.47876
1.88233
0.43841
4.47199
1.31476
5.4383
6.21598
1.47004
1.50614
5.07325
3.34526
1.76006
0.103639
1.41909
5.97901
2.31555
5.64165
5.87831
6.22697
3.88747
4.09282
5.96432
0.389754
3.51795
1.48419
0.597476
1.24394
2.68009
0.128951
5.86013
2.21246
0.941515
2.98628
0.263138
5.48726
6.01092
4.44597
3.74436
5.40232
4.72182
3.04385
0.215882
2.93659
0.791344
4.8939
4.80884
1.49936
4.10865
1.83512
5.02853
5.65514
0.234734
5.61245
5.20718
4.92969
3.17579
6.12015
5.6197
1.48057
2.5578
5.72262
3.35007
0.990667
5.97402
0.0064196
1.08012
1.53816
2.75126
2.40209
2.45365
2.01913
0.0995115
1.16279
2.24758
0.598284
2.26031
0.858922
3.42178
6.15034
4.11301
6.04127
5.67967
4.1447
4.58712
0.973389
4.61143
1.18843
5.98713
0.546705
2.45023
1.08863
6.2486
3.01876
5.86134
3.73213
0.798372
3.6358
2.9875
1.98993
5.57762
4.2076
6.12956
0.345075
0.294912
5.43802
1.52208
2.67623
4.33091
5.13802
4.82884
4.71208
2.63704
5.4863
2.46594
1.21166
0.569201
3.55115
0.156481
3.59694
3.29541
5.95015
1.06012
4.63217
4.26433
4.62537
3.0899
1.40784
5.30336
0.298453
2.12219
4.33735
0.368184
5.41141
0.444316
3.20232
5.92532
4.67628
4.22072
0.463762
3.29385
4.80373
3.67889
4.52025
1.86164
4.57337
2.44318
1.87799
2.92905
6.11004
5.31563
5.52347
5.23306
6.24862
3.31386
1.82921
6.1671
3.05681
4.49152
2.82462
3.96751
4.743
0.800424
0.424855
2.83301
0.405803
3.06952
4.4578
1.56581
2.63985
2.42025
6.06547
3.94126
3.39271
1.2975
4.49571
4.03177
4.02121
2.59302
0.78225
2.85119
4.34905
2.25652
0.0847026
3.59736
3.95291
4.50232
2.05033
2.83657
3.62946
3.21414
3.50026
5.69044
2.86489
2.14637
2.23042
1.22353
5.2239
3.18696
5.40185
3.22801
4.09482
1.86641
3.08101
2.85622
1.03428
3.84689
0.658431
1.55843
4.2467
3.53906
4.28127
0.231887
1.7555
5.13779
1.06379
3.51357
3.13031
2.04719
0.433128
3.66147
0.751159
1.81041
4.37053
5.09499
4.32231
5.23056
1.92893
4.54645
2.44166
1.5133
5.90105
5.10469
3.92546
1.70642
3.29316
5.89105
0.389168
6.22685
1.90219
1.3057
4.09151
2.75772
4.27879
2.61347
5.08841
0.45006
5.47927
3.76318
1.17367
2.98044
2.61942
4.58694
4.32754
5.13411
1.97124
5.75806
2.13177
1.91632
0.0486357
0.606325
5.46218
5.56192
4.24896
3.8345
6.02419
1.39665
5.83002
5.18608
2.05929
2.76954
1.79133
4.12115
4.59241
1.96291
3.90299
1.0676
4.60604
4.91864
5.98912
2.45439
1.80629
4.2468
5.29606
3.30844
5.12122
5.33197
3.71398
3.65075
2.91124
2.10197
3.68447
4.05961
0.703523
5.44454
4.27227
6.01364
6.25248
5.50297
6.28295
2.282
1.03542
4.15789
0.092462
2.0621
5.95574
0.758459
5.11817
4.33129
5.29758
3.68484
4.07184
5.29473
6.10149
6.20239
5.55665
3.69493
3.90615
3.88769
1.55609
2.63087
2.29156
4.63385
1.0916
5.89752
2.42628
0.582663
3.61782
2.38969
1.4131
5.81186
1.45836
6.20317
5.9999
1.41558
3.55454
0.613532
0.929846
1.64023
3.06858
1.17493
5.22046
1.82948
4.37168
5.58027
4.82399
4.88764
0.220346
2.56438
3.22426
3.89186
2.50999
0.0480969
4.11627
4.31296
5.08073
3.39353
2.51913
2.91787
0.391822
0.577022
3.05126
5.47765
1.54991
5.60002
3.76409
3.89483
2.11456
1.67305
1.62733
6.06841
3.1783
4.30496
2.61505
0.275312
2.74299
1.78503
5.1302
5.46027
4.81697
6.21866
2.4849
5.60932
2.87461
2.10883
5.9107
3.89522
2.52535
0.695926
3.4224
3.97302
3.21428
5.92073
2.88191
5.41064
0.115601
1.40707
5.05042
2.89975
3.68392
1.17759
6.07884
2.45653
0.0610361
1.67525
1.0242
4.10424
3.23689
2.63753
1.05654
1.01187
4.2215
1.10596
2.28302
5.57765
4.79312
1.23146
0.2984
1.2193
3.29857
2.4459
3.68308
5.85259
1.25692
0.985492
0.686044
0.69392
1.11556
0.267582
4.77855
1.45012
5.91184
4.31785
5.67136
2.60754
5.9847
3.59027
4.28588
2.42551
0.284731
3.97554
1.57091
0.359021
2.21069
2.60228
5.53197
3.45988
5.58605
1.4494
0.230373
1.43241
3.59198
1.57962
2.23656
3.84395
1.61194
5.10051
2.74457
3.16808
2.25908
5.40135
1.09001
4.23457
0.816921
1.23538
3.34522
1.16234
1.09755
5.29776
0.372192
3.66159
2.82106
0.680167
2.45307
4.84369
2.8855
3.02535
3.49363
1.10658
0.0767384
1.68966
4.34877
3.80627
2.82159
3.23856
5.5589
3.81909
4.731
0.193433
2.62468
5.01469
5.58139
4.7921
2.98337
1.75501
3.22181
0.53196
5.97028
0.0616272
5.3264
4.33567
3.46588
5.85668
0.770394
4.65518
1.31005
1.75744
6.24875
5.60195
4.67727
1.86715
2.99799
2.35245
3.89867
3.8795
2.07438
4.95841
2.0613
5.04259
3.19423
1.92318
2.19776
5.14647
2.32567
6.06978
1.01759
6.01615
4.45652
5.20811
1.56967
4.55448
5.34131
3.5067
0.75725
3.64518
3.40228
5.08442
2.58767
5.03145
4.42281
4.11147
5.3416
2.14598
1.98667
1.1568
2.1174
5.49911
4.17398
0.382973
2.63768
3.66422
3.00595
4.18777
5.86765
2.99825
0.467488
3.09008
4.48031
2.86888
0.148512
1.61258
3.26771
5.32512
1.60798
1.36402
3.94834
3.07798
2.12094
2.04889
3.89306
3.9224
0.634331
4.92157
5.05223
1.80115
5.78775
4.76697
1.50835
4.47372
5.16519
2.81887
1.46131
5.46524
0.331987
0.239389
2.17991
0.44646
1.52252
3.8363
4.86978
1.64449
5.57383
3.33055
6.01915
4.61475
0.449066
1.34469
5.94447
6.11756
6.06105
5.09642
3.12537
0.715801
4.45344
3.72345
5.69852
0.394031
0.00133503
3.58834
3.19745
5.70557
5.82668
5.62676
0.666576
0.219768
5.40684
5.25473
6.00787
3.43338
0.0994456
0.0549336
5.92432
0.395314
2.70753
2.66162
3.85212
0.69554
3.21322
0.582899
1.30499
4.65801
5.01785
2.11515
5.39634
4.72476
2.11886
4.79116
6.01634
1.26961
0.664297
5.89948
3.96107
3.38789
2.0312
1.78933
1.86639
2.76261
4.69608
3.89651
5.35734
2.74531
3.0618
0.389513
5.74419
1.4901
5.65741
0.649963
3.74915
4.20152
4.4283
2.09932
3.24884
2.3667
4.63061
3.16177
3.04513
2.97765
6.01666
0.403099
1.60954
2.36488
5.40201
5.75499
0.726132
2.1573
3.79088
1.86848
0.246789
0.885861
3.80047
5.85427
4.2375
6.08223
2.82689
4.2984
5.47273
0.65475
2.53114
3.66781
0.581808
1.81761
6.01826
2.21166
6.25613
3.89469
6.07071
3.99022
3.16635
4.55076
5.62115
0.619148
1.07361
5.07484
4.8509
4.69276
4.59418
0.298261
5.18071
6.08411
3.041
2.6402
2.05055
0.264287
5.93944
3.21435
0.82083
4.09956
6.23291
3.24541
1.26906
3.88741
3.11715
0.678562
0.608424
3.03247
3.77908
4.56081
4.937
0.450519
0.63168
4.34118
1.80582
2.57365
1.83374
0.607174
0.886074
1.10038
2.71854
5.3798
3.20366
3.35941
0.912468
4.88186
3.65557
2.10772
6.16766
6.10395
3.53889
1.55685
2.82008
3.00167
1.41024
1.67166
3.53995
0.53616
1.15555
0.0638495
4.97771
5.99385
0.395049
4.53973
2.59027
4.73093
5.35741
3.88095
1.38846
0.0710229
6.1598
6.05534
3.41713
3.46713
1.87533
2.13558
3.15746
5.85024
5.77277
4.33776
0.91298
0.918676
2.39334
6.26926
4.64637
4.17954
5.72272
5.01069
1.18611
4.66542
3.8703
4.53341
3.11977
0.845501
4.04507
1.44599
5.6577
5.53545
5.50374
0.360981
3.74096
4.76991
0.705166
1.62919
5.9477
3.77702
1.40655
2.54661
6.12074
2.96121
6.25395
4.96261
3.60632
3.81542
5.84567
4.32439
2.38532
3.32343
5.70671
6.09756
2.95696
3.84724
0.304563
4.27202
1.87752
1.38365
0.983761
3.00786
4.88886
1.81377
4.34818
0.154034
0.177199
6.2437
2.37173
1.15681
2.28155
5.95864
5.49701
0.220492
5.00669
2.94645
3.22541
4.5046
2.67204
3.02896
1.28389
1.9079
2.98696
5.39287
3.00697
2.48749
5.13158
3.41846
0.611734
2.11416
1.23515
5.88853
2.14628
0.773529
0.783393
3.22032
0.501161
3.54867
2.57573
5.40898
3.59449
6.13077
1.93619
0.933436
5.42488
0.593656
6.15823
4.82562
0.85219
3.38402
6.04909
5.17679
3.03311
1.96251
3.41838
5.57448
1.78311
4.28808
1.6578
2.98911
3.96494
5.54583
4.00334
3.84954
1.20101
3.84628
3.09411
3.08258
4.05536
4.75216
4.01476
1.00616
2.40512
3.16082
5.78216
5.04065
1.99623
4.78734
4.66938
1.31564
1.38737
0.645947
5.37358
5.46047
1.9643
2.06658
5.86831
1.52841
2.29666
2.30208
5.44898
3.64627
3.00202
0.983738
2.61771
0.988186
1.98577
4.78708
0.30947
5.06436
4.66043
1.66384
4.06162
3.20243
1.52596
5.18601
0.980405
3.15236
1.91216
5.47898
5.13786
2.18566
2.90472
5.5168
6.09425
3.8999
5.76556
2.48453
5.70379
1.02915
5.62107
5.68197
5.01135
5.97157
2.83824
0.391721
5.15887
3.40064
2.75742
5.46268
1.32193
0.308783
6.09625
6.12653
6.08982
4.73867
3.5245
4.63825
5.94459
1.82412
2.3761
5.4618
5.38913
2.98232
2.85473
0.998465
5.08929
2.72176
3.00877
1.35505
4.10639
1.62652
5.14375
0.714177
2.29344
4.72813
2.21315
6.18135
3.72994
1.76824
5.65542
4.84209
1.22378
3.22834
3.45603
3.76353
0.854865
4.3522
4.94124
2.54177
0.169492
2.36768
2.232
2.62595
1.25881
1.29648
6.12434
0.680266
4.1228
0.857611
0.238492
5.94847
4.1945
5.8766
2.58966
0.75636
1.26662
0.647595
1.64689
1.87457
1.96698
3.16572
0.268794
0.00534412
1.85396
1.19397
4.81749
2.45586
1.32626
4.06376
1.34885
0.35087
3.4367
5.50691
3.23954
3.19442
5.08796
5.39571
0.417275
1.10164
5.02593
5.88903
4.11493
0.532348
6.20139
1.35225
0.952347
2.82096
5.18899
0.706289
1.65911
6.19856
4.02923
5.35144
4.17977
3.37177
1.3616
1.05786
4.40027
2.18728
4.98162
2.63431
3.46612
3.64981
5.9537
4.04686
0.07029
0.12472
3.87214
4.11573
1.47727
3.59856
5.30775
4.89534
4.02535
3.07755
1.16396
3.08751
5.18735
4.59141
4.08108
3.43347
1.48951
2.00395
2.47641
1.16142
4.36797
6.04373
2.95495
1.6243
5.41736
6.23012
0.279113
3.79097
3.31136
3.90222
0.705935
1.99198
2.43797
2.35534
2.20631
4.3884
3.76521
3.95819
5.16581
0.741619
4.83137
3.1885
6.03548
2.64465
1.36486
5.50327
5.03838
1.57781
3.19516
4.95659
2.99664
4.78943
2.05738
1.97959
1.51745
0.39104
2.45273e-05
0.41223
4.2806
1.50429
5.42902
1.17968
3.36062
2.35631
5.79889
3.40404
3.33352
5.64177
1.68042
6.17321
5.13966
1.06115
2.99532
1.54118
3.35456
1.08951
2.12671
4.93182
1.35495
2.45796
5.33527
2.62036
1.53274
5.91675
5.04327
2.02701
0.507388
1.3793
3.18034
0.901297
5.62357
3.6093
3.69148
2.57054
6.21472
5.44377
3.98402
5.82437
4.51792
0.390435
2.39995
4.2739
2.04679
6.24449
3.14071
0.802057
2.74458
3.30321
5.18605
1.65296
3.41832
4.51335
5.21417
2.98591
0.330811
5.60156
4.46582
4.44141
2.6102
0.474577
2.8472
0.130848
0.0411562
0.561742
3.85698
0.676746
1.49852
2.68654
1.65642
4.88035
3.34024
5.48146
2.82335
1.47625
5.36606
4.86356
3.9252
3.72234
5.89327
0.119002
2.01558
3.24027
2.9058
4.8387
0.809167
2.86136
5.66031
5.48312
5.62917
3.52376
4.8597
1.91739
5.42502
2.97257
2.4108
4.31462
1.59004
1.37745
3.46392
4.40646
5.78771
3.98711
1.14529
3.56388
0.563118
1.84109
4.76792
4.95901
5.88918
0.480034
0.32865
0.701262
5.1401
2.08062
3.11614
2.5991
2.33569
4.85057
5.48172
0.915176
0.128342
1.90975
2.62415
2.46967
1.08244
2.82997
5.86809
4.03833
1.30668
1.62612
4.55726
1.78858
1.89439
2.06764
4.83282
2.42193
2.895
5.53221
1.20758
1.08749
5.99759
0.292978
4.34289
5.49869
3.42836
3.61702
1.36639
6.08163
5.40709
3.24368
3.5475
1.69656
1.02629
1.43274
2.89099
0.992988
1.01112
4.13094
5.82957
3.89988
5.32535
5.461
4.58008
2.05971
3.53311
4.91142
4.11032
4.73412
2.4523
4.34507
4.46396
4.56075
4.00288
2.38685
3.9071
1.08708
5.28392
0.382678
3.97298
2.40315
1.42313
4.70535
2.6842
0.143366
3.09236
5.04449
3.69454
3.72028
2.68984
0.632774
3.88245
1.48491
6.28106
1.96875
1.56151
5.69305
2.75325
4.56784
3.75946
1.51252
5.40435
1.21661
2.12202
1.5079
3.17807
0.544241
5.03141
3.86788
1.57345
5.30352
2.98328
0.238224
1.4432
2.75518
5.57244
5.05401
0.324346
3.76272
6.09104
0.21665
3.26874
3.89126
5.09255
0.965121
3.88157
5.45032
0.891876
4.36314
0.167078
5.77209
5.4769
1.64971
5.18887
5.05549
0.0903896
4.93114
2.45191
4.07797
1.37848
2.00386
0.918952
0.754103
1.0268
3.73793
4.18682
2.4075
5.43568
6.2093
2.31634
0.062525
1.5659
4.18285
4.88776
2.19377
0.949454
4.46321
4.44757
5.53851
0.369209
3.78636
1.29673
4.10095
4.40265
4.54151
1.02303
3.34683
3.17429
5.9973
1.69805
0.896038
5.19734
2.84348
0.412897
2.92912
0.89217
3.02002
1.96531
0.184254
5.42823
0.372148
2.92604
5.69728
4.79936
5.66583
4.01219
1.68222
4.95197
0.6132
1.63664
5.50329
5.3083
1.64642
0.164237
2.0071
5.2546
3.9536
3.48931
3.79186
5.65161
3.71677
0.269594
0.892682
5.3411
0.0360067
1.97902
4.47433
2.97715
3.96068
3.08774
2.75714
0.697814
3.72803
1.00682
0.932525
2.68961
3.02188
1.70906
3.81057
5.99645
0.0538669
0.562444
3.07853
5.15303
5.80512
1.27297
0.595083
5.00796
5.52189
3.81308
4.1882
0.485039
2.75231
1.18819
1.97056
0.505641
3.43847
3.96146
3.5597
5.61787
2.06471
5.80511
1.2355
5.42186
0.162019
2.43433
4.01015
5.15015
1.4401
0.899305
3.55154
0.48781
5.3526
4.72479
2.7325
1.39861
0.982347
4.37976
3.19237
2.07734
4.39942
0.57806
1.65325
1.99446
0.122335
1.48654
2.28682
0.28599
0.00245452
3.55404
4.77814
0.802103
3.50679
2.27099
4.44774
2.13705
2.74086
3.68012
0.134538
5.51873
0.923255
3.96722
6.23894
4.15092
2.37687
5.92658
0.681656
2.34879
5.1648
2.58421
3.49624
1.02032
1.70338
2.54228
2.52327
3.408
0.744049
1.68675
5.68727
6.15041
5.30343
1.43429
3.75476
4.15974
6.02775
4.517
3.70709
0.918668
2.26367
0.833375
1.30853
1.28677
0.0225809
2.52648
0.830148
3.62079
1.9563
5.88325
1.26637
2.72434
2.43898
0.398862
5.79385
0.386948
0.345714
4.75848
3.31954
3.11756
1.26742
1.50577
5.12204
0.251926
5.54032
5.61792
2.90741
0.546561
0.0316833
4.71381
0.364008
4.34176
5.28933
3.29443
2.08417
6.12791
4.02342
1.98552
0.659914
1.34606
3.81346
4.36561
4.04223
3.90109
0.641443
5.06451
0.98856
1.98532
3.49252
1.30463
4.91014
1.35121
2.30147
1.60079
6.16612
5.45921
5.83417
5.75203
1.35135
4.78031
5.9259
1.82247
6.05297
1.20767
2.69604
4.31739
4.09867
3.74263
1.40899
5.77792
2.84067
3.52625
2.71844
3.76918
1.58779
1.2161
6.14152
0.3245
0.0727062
3.03565
0.788801
6.13423
3.56138
2.53989
0.0276157
5.4648
5.55503
1.48988
1.84078
5.84057
0.28412
6.26655
3.1945
0.225127
1.23292
6.09807
5.18829
1.56317
2.22679
3.08885
2.59626
4.92833
5.55951
1.41734
1.70563
2.69492
4.35582
2.82695
5.32133
0.754493
1.29508
1.52611
1.30579
5.5392
5.72642
4.40876
0.476455
2.99906
1.4456
5.43844
2.36369
4.22848
5.2352
4.51167
2.18673
1.93861
3.89591
1.40912
1.82285
6.13961
5.90365
4.80349
5.85575
4.12442
2.97734
0.933734
4.1512
0.703949
0.0345335
2.35155
1.25437
2.19165
3.09061
0.819003
4.81411
2.1805
4.19522
5.47807
2.42236
3.84853
3.18892
0.589536
6.03873
0.705426
6.00877
6.06386
2.0253
3.27925
4.5302
5.76293
2.25504
0.281237
1.79901
1.21053
0.435225
1.20195
0.778507
2.77053
5.83759
0.420154
5.50974
0.543335
2.36873
0.953979
5.12564
4.08486
4.13422
4.34585
4.99085
0.684083
5.4398
0.142344
4.77042
2.92121
6.20478
1.62912
4.8546
4.06924
5.48618
0.449394
0.573187
1.42967
1.51156
1.92286
3.10489
2.00345
0.393875
3.65501
5.34672
0.160195
3.20169
1.66416
3.08476
3.07453
0.640709
5.30185
0.019421
5.96646
4.99373
5.06346
2.10032
1.18673
2.54141
0.376377
4.89145
1.43251
5.37672
1.78372
1.85683
5.40148
3.20859
4.50177
5.49222
1.38387
4.67028
3.79264
6.26987
2.33584
1.17049
6.01173
5.46003
0.77792
5.46904
1.51509
4.69269
3.48672
4.30362
5.25949
4.45286
0.207573
1.51027
5.24365
2.07203
3.2103
1.84016
1.7615
5.50627
5.16125
5.7681
1.20947
1.51202
3.39814
4.63162
1.21242
0.808025
2.5122
5.76558
2.78203
4.46989
3.61908
4.57365
0.917973
3.14573
3.58351
3.66471
5.06173
4.48041
4.57917
5.70455
1.31794
2.33521
3.09156
4.1244
2.69449
3.41335
2.63184
6.00973
3.3197
5.78695
3.76368
3.26073
1.12444
4.88085
5.41761
4.17245
6.00056
0.0821985
5.4928
4.88204
0.353586
5.11364
3.48259
3.99436
3.6254
4.07434
3.32184
4.09155
3.57545
0.143697
2.36781
4.41638
2.87783
5.93361
5.67906
0.177013
3.10568
2.67073
6.19573
0.399616
5.90531
1.34058
5.84307
4.54775
5.32877
0.131187
5.75135
2.44354
1.63034
0.123631
4.41628
1.17653
0.826279
1.42326
0.688375
2.17506
0.59119
2.40956
2.39384
2.02385
4.04159
5.70877
2.98811
5.90632
5.84067
1.90486
2.20736
3.1682
4.3073
4.21981
4.0612
2.32005
5.97524
1.78848
0.218421
1.62219
1.43618
4.2202
4.32137
1.96971
5.13702
0.664759
1.09605
5.29892
1.08943
0.793888
3.67387
1.81581
0.867214
4.56117
4.69515
0.921521
6.23539
0.960555
2.55322
4.02403
6.02038
0.134621
0.634364
5.47179
3.64675
4.74136
4.75936
5.60024
1.09577
0.592033
4.01736
0.603948
3.21314
5.49505
5.04304
4.45703
1.09508
1.59147
0.36304
0.634752
5.71805
1.88147
4.93166
4.90492
1.62016
4.98958
4.55789
6.12832
4.72612
6.08717
4.1715
2.68873
0.747572
4.35862
5.92287
1.12564
6.20396
0.520993
3.8514
1.03068
6.19407
3.92936
4.40911
0.0855583
5.41134
5.54303
0.998789
4.25779
1.4987
5.70074
0.0244346
2.26547
5.96967
2.34354
4.84833
5.54019
3.42886
5.8217
3.52151
4.62298
0.527071
5.47137
2.84551
3.14214
6.06656
3.4102
6.26311
1.89204
0.393692
0.584061
1.98603
2.97273
5.08201
5.97457
3.07731
3.47487
0.00253588
4.92144
2.7127
1.53846
1.52267
0.125726
1.92249
3.20295
3.9421
4.90633
0.1682
5.78431
3.50601
1.78934
2.134
1.68594
4.72224
3.73326
1.08041
0.0805648
3.16737
2.78836
4.05427
5.25209
5.77243
4.82135
4.46175
5.09012
4.04011
6.048
5.73037
1.69773
1.79043
1.62526
2.78547
5.59837
1.05854
3.13882
0.605597
5.79806
2.09036
3.41131
6.18308
1.39839
3.577
1.12538
1.93817
2.78265
2.27752
1.14601
3.10079
2.2235
4.24344
5.38568
1.61244
0.897643
0.758658
2.17527
4.12605
5.31467
1.97274
5.83199
0.523594
3.58599
1.44993
2.83578
2.96823
4.82109
0.0920517
1.44969
5.01692
5.3608
4.28848
2.12338
5.36153
4.15358
3.04987
0.914716
4.966
4.02954
4.30249
5.09237
4.26213
5.36614
6.14903
0.967832
5.47363
3.21097
0.548478
0.834908
1.94162
4.17854
1.6176
5.87965
3.6644
6.05856
0.865689
4.05549
0.637278
4.18586
5.15982
0.639026
2.1465
4.43983
1.17842
1.12178
4.13212
0.576223
2.19908
2.30164
4.32771
1.74593
1.29683
5.73625
6.2194
2.37375
3.6
4.44313
6.23886
2.65912
5.75799
0.908454
0.247789
5.11539
1.61583
1.37456
5.26235
2.18231
3.09584
0.641466
5.44822
3.43499
1.91199
2.53107
2.45291
2.01064
1.91129
3.44116
5.05563
2.45067
2.10845
5.87156
5.89401
6.1654
5.79278
1.21733
1.68829
0.202991
6.18599
6.27733
2.07466
3.39165
2.39014
2.64029
3.51752
0.486057
1.02581
6.04641
4.03924
4.03954
2.68285
2.56829
6.10949
2.36984
0.817348
2.11874
2.85909
5.26426
2.94654
4.66239
3.23065
4.54898
0.981611
4.57761
4.58041
1.33935
4.04045
5.51755
6.23104
3.23222
5.8389
3.56071
3.78683
2.84302
5.25424
4.20278
0.499566
1.86502
4.87823
5.37154
2.74569
3.04984
0.478243
1.63964
5.58249
4.43714
6.08512
1.23529
1.79721
2.35885
4.51847
3.37414
3.4344
4.69715
3.044
2.80836
0.876901
4.01202
5.11352
1.5966
4.81878
5.31607
0.250964
1.92788
5.71467
1.67688
3.2948
2.0219
2.67821
0.0178578
4.82702
5.59161
0.527897
0.503879
5.23732
2.47403
5.12121
5.02281
3.85174
0.567842
5.84311
5.19567
6.22033
5.50787
0.562309
0.816947
1.66954
5.52631
2.66647
3.74914
4.0533
1.57012
5.90416
0.914651
3.87182
4.98883
4.4657
2.42777
0.468348
4.98378
1.18685
4.61953
5.32079
4.14322
4.91701
3.76479
3.13595
2.51959
4.28895
3.62398
5.26696
4.22172
4.75093
2.1289
3.90191
1.80062
3.15373
6.02721
1.77277
0.090424
5.50889
5.20063
1.60824
5.65356
5.03406
4.384
5.32321
0.910925
4.07391
2.3448
0.93666
3.06664
0.000581843
3.49586
0.821221
4.37808
6.28215
1.40681
0.625993
3.01944
4.73159
3.77274
4.82585
4.75724
1.36606
0.581756
0.931092
3.73593
1.88023
2.83444
5.60525
3.58124
3.23409
5.84854
2.31643
1.57774
2.03002
0.832611
1.03312
3.17952
5.90945
1.86046
3.55863
0.261597
4.71845
2.84083
6.17671
1.18059
6.10188
0.227228
5.12003
4.13834
4.45739
0.88559
5.52994
0.866702
2.22907
3.70614
3.80401
2.55462
2.50333
1.22416
3.25327
1.36664
4.08229
4.86934
0.464265
5.47168
1.80895
4.98166
3.26581
4.77475
0.404847
5.85941
2.77051
5.56098
1.04811
3.75084
1.12772
3.52665
3.18185
1.19257
0.226779
3.86855
0.27724
3.73933
2.46164
4.30838
3.48423
0.235858
5.66327
4.8521
6.01292
0.374464
4.14724
3.23299
6.12621
0.613298
3.28143
3.46715
2.08387
1.20416
0.15517
0.416605
2.41663
1.86161
4.15647
1.32874
1.74025
0.190724
1.07948
3.2046
0.218855
2.6251
5.77782
1.2632
6.03509
2.32178
3.53305
3.84842
1.26801
5.23521
4.71486
5.41717
2.9514
4.79029
3.88611
0.185189
2.29652
0.0540642
3.87828
0.521619
1.80331
4.41273
4.38201
3.22104
0.0974709
4.56596
3.54067
0.0536922
3.90991
4.29777
1.14602
3.21094
6.27393
1.45322
1.46683
4.11699
3.8418
3.14589
0.0199186
1.76325
3.50566
2.25331
2.64436
2.80047
0.0770061
6.18785
6.15602
5.32204
0.0706062
5.4394
6.01513
6.07616
1.40789
6.22169
3.2402
1.67855
6.1671
3.05838
5.80602
3.95164
1.93681
5.04806
0.842483
3.60055
1.09678
5.03956
2.50512
6.16725
5.46971
0.0693448
3.0882
4.2482
3.62965
0.105219
2.84532
6.18777
4.90482
6.28034
2.44679
6.10569
1.43099
4.835
1.38769
6.00897
3.12867
5.91314
0.97179
2.86881
5.28913
6.13329
0.191076
0.701857
2.57081
4.40071
3.43527
0.428382
5.56419
4.62854
5.96167
6.18809
3.90274
3.14351
3.9144
4.415
4.80796
5.60039
3.62801
3.9749
3.36432
1.7886
2.26369
1.11755
2.29422
5.32784
3.40992
1.65856
3.12438
2.80923
2.95657
3.70882
4.97499
4.34858
0.59935
1.33339
4.48837
0.102879
1.20913
2.0711
0.101407
1.60359
3.03482
5.59893
4.23929
4.62514
5.49321
5.60824
3.67023
3.46889
0.017126
5.09258
1.49778
2.73376
3.67123
1.50907
3.95294
4.97941
3.17892
2.1004
2.52098
2.63444
5.64927
2.08934
5.03562
5.49989
4.68386
5.85521
1.31351
3.34899
1.74891
1.24744
5.04531
4.95349
1.11942
2.21938
4.19716
0.384376
1.09106
3.13796
4.84279
0.467657
5.93375
1.76103
3.77725
5.29965
0.756843
3.09069
2.15881
4.05118
3.57919
0.309037
4.07158
0.926904
2.45124
5.37594
1.27989
3.79339
0.0620486
6.12484
2.80804
1.72197
0.864674
5.85889
0.335002
0.651455
3.69188
2.95262
0.0975277
5.52034
2.82057
5.00543
0.653714
3.9619
4.6639
3.47428
2.54438
0.100098
4.73236
4.16927
2.79219
5.50484
6.1493
5.42895
6.1531
0.162557
5.19783
4.87988
1.79951
3.47221
5.43221
4.43413
5.79766
1.71355
3.71369
5.16258
3.03662
4.43424
1.39958
4.8621
4.53067
1.09615
0.724698
3.18017
4.26071
0.33143
3.44819
3.93719
4.1939
2.09081
4.61598
2.35372
0.00362013
4.29478
1.12543
2.78176
6.11749
4.84924
2.04459
0.72548
3.76188
4.56006
4.90953
3.6849
5.02337
0.621303
5.86892
5.44874
5.84596
2.81689
5.87482
4.09046
3.97796
4.56318
0.816266
2.79162
2.2191
5.71116
5.45878
4.97298
1.98785
2.13776
1.99644
2.02495
3.68013
0.246607
4.10262
1.07738
5.62379
1.06496
4.2011
3.72575
0.477108
1.4137
3.38621
5.17256
1.01286
2.05126
5.98303
0.692205
3.71561
5.97554
0.543913
5.79741
3.78193
2.23489
0.841193
0.765516
4.35453
0.0749678
3.34722
3.43899
0.00136548
4.1
1.00264
6.16661
1.14334
2.12768
2.36513
3.35653
2.81426
5.75174
2.73799
5.56411
3.41289
1.27655
4.18268
2.08117
6.04083
4.60527
4.4781
3.45917
0.030668
0.215737
0.488629
0.272154
6.22251
4.41791
3.47325
4.06307
2.28726
1.48186
5.31347
0.567411
4.87782
4.78987
3.13336
2.96069
3.77241
5.58625
4.70078
1.15409
0.604901
0.375447
1.81191
4.51384
0.972409
0.708512
1.32468
2.49065
1.74721
4.08815
2.87375
0.294403
3.16547
2.36939
5.79776
3.32244
1.53564
4.50242
3.75929
4.9273
0.813102
6.15489
5.13264
2.47723
2.49762
5.82521
5.92489
3.62504
4.26697
4.92853
2.50325
6.27257
3.7945
6.08129
5.937
6.21814
0.0547982
3.64759
6.25091
4.14756
2.39485
0.143002
3.26305
2.46749
2.10641
2.91164
2.48159
0.225756
5.5168
6.24733
0.614642
0.735041
1.08879
2.58991
4.92439
2.16463
1.32058
2.81042
4.08024
1.84529
0.0346239
3.87158
1.03176
5.4345
5.19063
3.13169
0.0854393
3.41284
0.345283
3.78916
4.25772
0.284191
1.17501
0.39987
3.89308
4.17752
3.26098
5.42682
1.76539
1.7787
5.53805
5.19089
1.19514
5.66597
0.0553503
0.360746
6.06147
5.76818
2.59462
2.49482
2.71148
6.24587
1.13416
4.84409
3.47195
1.12447
5.42826
0.885284
0.392778
4.07331
4.88812
2.06006
3.00128
1.12031
4.65867
3.49087
4.90622
4.52424
5.99846
2.42168
4.93929
1.20387
1.61989
0.459037
5.56636
3.42941
2.50216
0.362447
3.24313
0.712155
5.99972
4.75784
5.13188
2.29806
0.742671
3.66718
2.60929
4.00037
4.06902
1.82415
2.84277
1.02342
3.46966
0.404654
2.6102
0.512638
1.65495
5.39942
0.0110102
2.83526
0.554604
3.26877
4.27124
1.27545
4.49831
3.81603
3.51788
0.248684
1.30793
3.8595
5.29035
1.53111
3.6638
2.2377
4.23383
0.961855
5.54723
2.4104
3.89758
4.41882
6.1051
3.99752
0.214532
5.37946
3.87943
0.937119
4.49077
2.78835
3.77589
1.25964
2.74564
2.19248
4.49109
1.77289
2.03218
5.71398
2.60792
6.11805
1.75738
5.29413
2.18967
1.12023
3.2808
5.44605
4.52214
2.15738
5.13143
0.936327
3.74457
2.52732
2.34063
6.14567
0.990871
3.1357
4.70757
2.1812
3.27446
5.74236
2.19373
0.339641
3.20587
2.80389
1.01282
1.33361
1.82054
5.06485
0.322532
4.6871
3.74604
2.22147
1.57227
4.42303
1.41847
1.83794
2.07666
5.67793
6.20368
2.06233
3.49091
5.64496
5.10349
2.59772
4.31249
3.4452
3.86704
0.0570701
4.13245
6.00558
2.74691
4.71202
1.56981
0.682074
3.07976
0.685047
2.78494
3.10365
0.0980111
1.0777
4.7412
1.92941
0.145367
5.30119
1.49403
2.62409
1.34402
0.884472
5.58558
6.11835
0.42656
0.083128
2.26505
5.23437
3.20842
1.5483
3.66322
5.08306
4.76092
0.443412
0.566681
5.18405
5.60793
4.62043
1.7528
3.80468
1.2799
3.96772
1.95617
3.74268
2.2722
5.86798
2.18613
4.43364
3.95048
1.31596
0.464308
6.18761
2.17751
4.08873
0.0442324
1.9989
5.59975
5.37289
0.203282
4.78421
2.26624
0.0233138
2.2773
3.68043
5.28896
3.37877
5.91378
5.52657
0.766657
4.67213
3.44267
5.42868
1.74957
5.95948
0.793339
0.728813
3.22364
6.13517
0.416106
0.309022
3.82571
2.88135
2.28404
3.801
2.30916
5.07559
4.94357
4.0917
6.06255
5.08675
3.941
5.34455
1.42369
1.52763
1.75556
6.08814
1.68767
2.43573
2.32889
3.6785
4.23593
4.81916
5.39769
2.32776
3.58455
2.33762
5.83535
0.431956
2.81239
5.80032
2.3533
5.49053
4.48825
4.41898
2.62535
3.80464
0.587869
3.14278
4.25771
0.0776578
4.57604
3.27535
1.81615
0.266883
5.59467
1.73615
0.308884
1.49656
1.07597
0.737833
4.03035
5.32383
5.0639
3.25813
1.40681
0.569394
0.506203
0.322512
4.36146
3.4744
4.61886
0.433927
4.5195
1.74688
4.7945
5.58171
3.78795
2.83365
4.885
6.15991
1.54505
5.50237
2.45354
0.073347
1.23841
4.00911
0.19254
0.178459
2.28517
3.94762
3.43446
5.65094
4.97255
1.05428
0.738412
1.20555
4.68864
4.59604
0.16953
3.01069
2.15734
4.4807
3.2011
4.21437
0.534321
1.65668
3.08631
3.8723
0.516883
3.89491
3.4938
4.00965
2.99755
1.16062
3.52686
0.329327
5.80311
5.28665
2.14981
3.45853
1.77668
2.8867
4.28935
4.19897
5.57585
5.80424
5.37484
1.59817
6.17567
2.58253
0.304948
4.47235
1.01518
3.23666
5.02978
1.51216
5.59157
6.15868
6.08438
1.36807
3.03134
3.72044
5.45306
2.96629
3.72075
4.42677
1.61017
0.426847
4.89835
4.22385
2.90177
6.22163
2.18074
1.79387
2.92079
5.46426
2.85211
0.96292
4.59927
4.16637
4.35438
3.86166
3.91002
6.13449
1.57281
0.788077
0.248838
3.89791
3.63182
5.14404
5.57621
5.65951
4.50835
2.93253
1.75211
4.68266
4.54754
1.8299
5.30412
0.537031
3.23405
5.05796
3.99391
2.41488
3.8008
5.2379
6.0167
1.06651
5.23054
1.55687
3.19617
3.00798
0.590307
0.13988
1.05076
4.30517
6.16466
6.07909
0.321313
3.04873
0.545145
1.37561
3.99121
1.00815
4.5694
4.80507
1.07737
5.57339
2.15677
1.08806
2.99448
6.21731
4.97523
1.99931
6.2009
5.5442
1.6729
5.41987
4.45092
5.35251
3.23348
1.81201
6.15745
4.23358
2.92201
0.834646
3.82358
4.83756
0.439203
5.22553
5.34023
4.26725
3.45913
5.62698
4.4894
4.91739
3.88472
1.8697
1.76695
2.7243
1.66059
5.98054
2.799
0.556983
5.54442
5.35563
5.39783
4.69084
3.88871
6.19397
2.26706
1.24622
3.33829
4.09778
1.37293
2.90677
2.39667
5.62745
6.10473
4.05413
2.86723
3.76401
2.64161
0.603258
4.17604
3.521
2.46786
2.0796
4.73194
3.44877
1.09902
4.95183
4.60967
3.08036
4.50619
4.37566
3.26701
6.19558
4.08845
1.69164
6.20635
2.92981
6.21963
6.27909
0.257717
2.3287
0.434306
4.59723
1.36391
2.09805
0.738406
1.10646
4.38301
1.17344
5.32164
5.98902
0.883361
5.76937
3.75148
5.58248
4.26537
3.18547
5.44885
1.38936
2.63556
5.62156
1.32052
1.70995
6.06471
3.78362
5.49281
5.14075
0.481156
0.335903
3.22086
3.29338
3.2753
0.943594
0.225962
2.69914
6.21015
3.94144
0.165766
2.586
2.14818
1.29449
4.12534
5.93813
6.24826
3.61157
4.04067
2.87338
0.321064
5.14893
6.00894
2.56233
0.128172
5.32921
1.14993
6.04139
1.40237
1.36701
3.93805
5.98443
5.29241
4.73321
5.96791
4.1323
3.57926
1.45254
2.68756
6.2435
5.27972
5.18329
5.5331
3.63949
2.07346
2.09494
4.99837
1.45374
4.05852
1.2606
6.24031
1.88837
1.48206
2.37317
0.183118
5.19074
5.01586
0.0973177
1.98985
4.35681
0.707057
1.99692
3.81229
3.56571
6.18722
1.96415
5.84634
2.99528
0.828791
5.94363
4.51822
5.4916
3.68167
0.967079
5.37741
0.8544
2.82751
2.18629
0.924147
0.111079
0.801982
1.47396
4.52901
4.6462
1.27121
2.33354
0.200471
1.53324
1.82088
4.47878
2.27312
2.5169
3.18705
0.639933
4.81774
0.36416
0.612796
1.11599
1.10566
3.37318
6.1018
5.14218
5.70175
4.37405
1.43347
2.67244
3.51681
1.05896
3.91371
5.31968
4.46288
5.30789
0.988223
2.60778
3.66542
4.40435
1.70611
4.48944
5.52642
4.4848
2.94987
4.16639
4.74896
0.46379
3.76617
1.16234
1.09725
0.338899
3.30247
5.22044
1.58577
4.99197
0.679534
4.38383
2.40937
5.48737
1.60231
0.374601
0.166009
0.386319
2.33332
2.6866
2.65259
2.94835
3.67085
1.2992
1.55852
5.71864
5.55352
1.35399
5.09758
3.77691
5.79957
2.23559
0.105378
5.51362
3.06792
2.74336
1.71534
2.5463
0.848984
6.04891
2.05322
1.27191
1.64793
0.550863
3.21879
6.25979
2.56635
4.88223
3.56906
5.89545
5.21934
1.94275
4.35983
1.07246
4.58105
5.88208
0.513532
4.12581
1.22016
5.15248
2.83395
3.64486
4.44036
3.73293
1.76783
5.0376
0.955473
5.09359
5.84489
3.73377
3.29021
0.224626
5.37152
2.30415
2.56101
3.116
0.260259
1.07729
4.22015
3.48634
4.21168
5.55186
4.82492
1.59582
4.38193
1.93999
2.03948
2.84281
1.68973
5.58728
3.24538
0.783605
0.487926
1.00763
1.97225
3.88719
5.7651
1.11217
6.11599
4.84829
4.92246
1.05574
0.0785062
6.26753
0.714609
3.25838
5.63178
3.48279
1.12241
2.22025
6.21817
0.555051
4.48902
4.82426
3.19121
1.39649
3.10742
0.65478
3.03778
5.13702
0.592079
4.78522
0.368717
1.81265
4.37545
6.05094
4.7567
4.87556
4.56062
1.70373
2.07718
1.85351
6.19582
1.94011
3.92164
0.385082
0.393554
4.54301
1.14687
4.94846
4.46321
4.44477
2.41166
6.21569
2.88751
5.26939
1.08079
0.120388
0.172881
2.78299
1.60328
4.05633
2.18508
5.68772
1.0807
4.90006
1.63138
5.09064
0.172075
1.80517
4.21378
3.24267
5.54981
1.83633
0.152989
1.4714
5.47775
3.27884
3.94813
5.82197
1.88413
5.65388
4.09856
1.88909
1.07065
5.58057
3.47262
6.06793
1.28204
2.1813
5.05753
2.97901
3.75814
4.44748
4.0857
5.69476
6.27677
5.32113
3.62806
4.84121
5.2569
4.92367
2.51108
5.89542
4.83254
3.97698
0.643545
2.69391
6.17014
3.79003
0.180831
4.44083
5.33232
3.30321
5.17543
5.34646
2.09414
4.0834
4.72582
1.13121
5.5984
1.61313
6.1747
5.10953
3.63783
5.53922
6.06096
3.47617
2.88296
4.23589
4.05637
2.79538
2.64344
6.21817
0.544478
2.72581
1.96451
5.64304
4.25562
2.62849
6.21796
3.31478
4.83085
0.849861
1.93927
2.41377
3.96433
1.65481
2.94546
5.47586
3.00872
0.444439
5.25772
6.0288
3.36471
2.07322
4.26502
3.64614
0.850783
4.85658
5.97274
3.70679
2.18472
5.99644
6.21048
3.21227
3.5303
1.60027
3.65081
3.7803
0.0117384
2.50863
2.32407
4.44445
3.34407
0.624892
3.35046
1.25974
4.41944
3.97209
0.0548859
5.12302
4.11334
5.29165
4.52207
1.07412
1.0729
5.77662
6.23424
0.457181
5.78434
3.97263
2.80767
1.75011
2.50968
1.13024
1.87168
3.63367
4.77598
2.18465
4.67891
4.37605
3.63075
5.96199
5.1654
0.0475287
0.849813
1.12789
0.0669715
0.899294
3.36901
5.08541
0.282342
1.52483
5.04481
2.8029
3.30954
4.72013
6.03075
4.71609
0.882651
0.115787
4.52238
6.19368
3.58067
6.21704
0.360934
2.95215
4.78461
2.8102
0.330039
5.1984
1.73934
3.6516
4.62683
2.39075
0.392999
1.49868
5.22635
0.369745
0.226307
2.21344
4.82201
2.96796
0.266004
3.37908
4.73831
3.6323
0.573204
1.7225
3.44382
5.87934
4.74816
5.95494
6.06102
4.60182
3.08093
1.48027
3.80611
0.123972
3.86699
5.57923
6.15055
1.30597
2.31059
4.04747
4.00537
0.289497
2.38636
1.99712
0.854388
2.61261
3.31642
0.953942
4.50255
5.8736
2.40611
0.853522
0.632422
4.25388
4.79683
0.803163
2.47857
6.10248
3.97535
4.61458
3.83735
3.67206
2.89513
1.51031
6.0154
4.29657
6.16294
2.18681
3.32617
1.39374
0.877418
0.131245
0.441625
1.95379
1.3976
2.87574
2.28146
4.41899
2.68122
0.203917
2.89786
3.3096
5.66251
4.71236
1.07432
4.47116
6.09322
5.36336
3.44808
2.09428
0.162066
3.21763
5.67788
5.38374
0.421917
3.7225
2.30043
2.83578
3.06599
1.66142
0.992938
0.170824
5.90454
0.905152
1.30207
5.78683
1.85084
5.21844
5.57653
4.68304
4.70907
2.32903
6.07266
5.36874
5.80136
0.993006
1.31295
0.22873
5.23561
5.12202
6.11265
5.28184
3.0712
1.25315
0.525596
5.82246
3.70663
5.85059
5.37583
5.62442
5.39083
0.161183
0.955032
3.96686
0.170267
2.83163
2.32399
2.96449
4.84404
2.52382
6.2761
0.236982
5.70327
4.8846
5.63109
4.46561
0.862443
6.0549
2.2907
2.75137
4.32609
5.89369
0.849432
1.01096
1.4828
2.22951
4.79328
3.89967
1.80878
2.12899
5.53637
2.13364
1.95803
3.59615
2.51065
4.8998
3.42887
5.86325
4.46041
1.39655
4.04164
0.371403
2.97439
1.58831
3.80892
3.44452
5.10384
2.26436
6.0915
1.6253
3.32707
4.0728
2.54777
0.453096
6.25011
3.38832
3.02909
3.51179
4.7418
5.84409
2.89767
0.194982
3.52356
1.38292
1.18706
1.88699
3.34782
0.890351
3.86631
0.361674
2.80953
1.61803
0.687937
1.09175
2.12883
2.76091
1.35264
1.20411
5.65643
3.04066
3.16918
1.88833
0.814807
3.40206
1.38561
2.52893
4.2704
6.02111
6.08399
1.11882
4.64705
2.95257
5.44787
3.81231
3.8701
1.27948
3.20159
6.12479
1.92211
3.07417
0.955877
5.60269
4.51615
2.10475
0.199648
0.27134
5.09864
2.83608
1.73089
6.22839
2.71664
4.89719
3.62833
2.9799
6.14274
2.0446
0.859628
2.7257
0.107285
6.15084
6.12921
0.754953
2.74322
5.51045
6.20646
4.8546
4.03373
5.6729
3.29541
5.94283
3.57886
0.955297
2.13515
2.2232
5.4466
1.34722
4.35559
5.22972
0.430499
3.44634
4.18183
0.297923
5.7772
3.41731
0.111309
4.66838
3.2969
5.93684
3.54836
3.5131
1.61088
6.0438
4.15476
4.07784
5.50694
3.74555
0.202619
6.21117
2.31605
1.51603
1.6673
5.58576
2.86013
3.8637
0.468883
1.40341
0.0608561
4.93219
1.23142
5.94438
4.57038
2.4581
1.26209
6.20978
4.13643
3.7442
2.68823
4.94085
2.26129
4.76031
2.79751
0.701048
1.5418
1.16259
5.22826
0.935604
4.15888
4.09973
2.69986
5.64772
1.16381
0.540217
0.230145
3.89213
0.716535
4.21468
5.85751
2.26681
3.28569
5.97987
4.20019
1.073
1.1486
2.65541
6.23482
3.92948
0.280904
2.47625
4.73297
1.92851
3.88054
0.792127
5.49617
5.00008
5.09115
2.55939
1.01564
4.75423
1.043
5.87697
2.48156
6.14574
2.1358
0.58675
3.19154
0.616819
5.91082
5.91035
4.32876
0.384897
3.57166
5.66083
1.50838
4.92376
4.12116
4.70325
5.01763
4.74742
6.07779
3.70977
1.99071
6.23143
3.46643
2.64886
2.97626
1.61212
1.82877
5.0954
4.86411
0.588252
3.30038
1.47058
4.31184
5.05971
1.93842
0.787633
5.35465
1.4659
1.01134
1.604
3.60209
1.81475
1.86317
5.19835
0.913254
5.51581
2.0268
3.24799
0.664298
5.92599
3.32564
5.09232
3.36588
2.80432
1.98578
5.00601
4.11854
4.78095
4.09738
0.908235
2.84456
5.98357
3.44686
0.332873
2.56862
5.35932
4.68737
2.07174
4.60402
2.25603
4.32007
5.24698
1.52214
3.68927
3.13694
0.270072
2.63832
1.80835
1.24342
0.246993
4.30084
2.37566
4.39157
0.574792
3.27722
1.8194
4.67802
1.94867
3.28238
0.538435
1.69033
3.02832
3.19631
5.35719
0.306011
3.48918
1.63354
3.6092
2.00022
2.70156
2.86047
3.2196
1.07116
1.65677
4.48345
5.45338
2.14055
4.94764
3.38542
4.43943
0.683045
0.559543
4.59175
3.43674
6.18655
3.13757
4.584
5.10978
1.47492
1.89328
2.38115
2.44512
3.09694
0.285417
2.93386
5.28203
6.20317
6.11172
2.15028
5.10336
0.42755
4.15122
1.09479
2.9395
5.81422
3.46133
4.91857
4.89774
0.257347
2.4062
2.48105
3.81281
5.94624
4.44131
0.785926
1.80118
0.0433726
0.114548
2.56088
0.889131
2.21599
3.67215
4.40096
1.19709
0.650662
2.94154
2.38262
1.98703
0.814387
2.62122
3.48205
1.17337
4.21541
5.52355
0.271831
0.784497
2.92352
1.14746
2.28185
4.81488
2.60919
2.32312
0.984742
0.653409
5.11288
3.38003
1.83649
2.93194
4.38355
4.01985
4.76328
2.32783
4.70066
5.56201
5.67197
0.319137
4.18205
4.01999
0.918558
0.416725
4.42871
2.68897
4.80344
5.01979
3.2297
1.15222
0.605483
3.8808
5.06343
1.55208
4.23533
1.00996
3.57879
6.0103
0.326872
2.23245
3.90286
5.15155
6.08574
5.31558
4.67059
2.77383
4.87443
4.39527
6.13341
2.22046
3.42234
3.04859
4.60363
1.99718
1.85253
2.32374
5.05579
5.22888
5.18983
2.31457
1.8508
4.59844
2.8846
0.461356
0.556743
1.51643
2.06762
4.49838
5.00748
3.70053
3.77576
5.29176
0.198886
0.025828
0.550969
5.00353
0.180696
2.18662
0.156574
5.16571
5.29671
1.6838
0.158539
0.487834
5.74693
3.47773
3.98335
0.867099
2.61897
3.33497
4.76805
0.922263
6.14538
2.47767
3.55806
3.25039
3.33374
2.95526
0.457476
4.46965
5.95207
1.86861
2.32835
0.851757
2.376
3.71851
4.47098
3.20677
5.33139
0.173272
3.06539
4.11229
0.287665
3.00826
5.37651
4.56612
6.21311
3.526
4.70687
3.04157
5.97329
0.42083
4.30548
5.10942
1.73369
2.98679
2.60969
4.41608
4.05812
0.857965
6.18241
2.79811
4.43147
5.09777
0.74903
3.72635
4.22563
1.23687
3.36697
2.30876
4.66947
2.75453
0.930074
5.46724
2.61846
1.07565
1.74282
5.6638
1.22177
0.850649
2.60345
0.129914
3.20251
2.87339
0.580017
3.12569
6.11969
4.14315
3.5982
5.57472
5.78031
5.42312
2.50113
1.95002
0.934309
1.25077
4.43483
5.08968
3.00834
0.370046
5.29241
4.83697
3.10738
6.18835
2.01964
2.32509
2.71196
1.61995
1.53842
0.881927
0.519182
4.82942
1.87582
4.21162
4.66633
0.222554
1.96878
2.04725
1.48502
1.9325
1.7153
1.71599
0.751263
3.56161
0.121285
2.68686
0.857125
4.64533
5.53889
0.480433
0.747068
2.16426
1.39858
0.555561
0.506412
3.82954
4.4367
5.11034
4.68237
6.05008
2.83089
2.55075
0.232138
5.96543
0.19367
0.327679
3.23141
4.81879
5.40153
4.10052
3.44872
0.272987
1.35932
0.474065
0.536201
1.84178
3.89555
1.66189
2.61721
5.21298
1.87218
5.77973
1.94826
2.72691
1.615
6.23588
2.93284
0.639428
2.62348
3.77601
3.25475
1.18201
4.82597
0.426822
4.48946
5.87816
3.79238
1.97516
2.43471
4.02042
1.81505
0.688285
0.655415
1.14243
5.73166
4.49854
1.35823
0.926791
0.557968
3.2624
4.04129
0.722616
5.89657
5.19724
1.14445
1.90755
3.43499
2.01869
5.27682
0.338923
3.71204
2.57043
4.32981
5.60112
3.30792
2.56839
1.37019
0.864369
0.721187
0.733561
1.3523
1.7621
3.02678
2.3794
4.42419
2.14982
3.69108
2.04183
4.50505
4.01587
0.782583
2.17031
2.49922
1.2986
4.0656
0.914792
6.2351
2.31572
2.17975
4.10343
2.10614
4.72953
0.666673
1.85133
0.960054
0.410296
3.19757
1.44897
5.42032
5.66784
6.25382
2.75433
3.81082
4.0152
2.0665
4.46054
3.64082
5.632
0.819392
5.06902
1.36179
4.30092
3.87957
3.2617
4.83208
2.62995
5.71763
1.08903
0.475245
1.5208
0.048219
6.16921
0.791733
5.14979
1.6701
2.30944
3.59715
0.508926
2.11137
4.72479
2.70688
4.34424
