1  52055
2  15026
3  9413
4  6159
5  4419
6  3214
7  2563
8  2097
9  1646
10  1332
11  1092
12  939
13  783
14  683
15  603
16  506
17  433
18  378
19  336
20  321
21  212
22  245
23  181
24  181
25  180
26  127
27  125
28  104
29  94
30  86
31  75
32  70
33  66
34  49
35  53
36  59
37  46
38  41
39  37
40  28
41  28
42  25
43  28
44  22
45  11
46  16
47  11
48  18
49  16
50  16
51  10
52  16
53  10
54  5
55  5
56  12
57  4
58  11
59  5
60  6
61  6
62  10
63  6
64  4
65  3
66  6
67  3
68  5
69  2
70  1
71  1
72  1
73  2
74  3
76  3
80  1
81  1
83  1
85  2
87  2
90  2
96  1
101  1
110  1
114  1
120  1
