1  2780
2  720
3  431
4  318
5  232
6  166
7  148
8  81
9  86
10  72
11  51
12  51
13  57
14  41
15  52
16  42
17  24
18  23
19  29
20  23
21  17
22  21
23  20
24  18
25  20
26  22
27  10
28  11
29  4
30  15
31  10
32  17
33  9
34  9
35  13
36  7
37  10
38  7
39  5
40  13
41  8
42  5
43  9
44  5
45  1
46  5
47  5
48  6
49  5
50  2
51  8
52  10
53  3
54  2
55  4
56  4
57  6
58  3
59  2
60  4
61  5
62  3
63  3
64  3
65  2
66  3
67  4
68  2
69  2
70  1
71  5
72  1
73  1
74  1
75  3
76  4
78  1
79  1
80  2
82  3
83  1
84  1
85  2
86  1
89  2
91  2
93  2
95  2
96  1
97  5
98  1
99  1
101  3
103  1
104  2
106  1
107  1
108  2
109  2
111  1
112  1
114  1
115  1
116  1
117  2
119  1
120  1
122  1
123  1
127  2
129  1
130  2
131  1
135  1
136  1
139  1
140  1
142  1
145  2
147  1
150  1
152  1
153  1
154  1
157  1
160  1
164  1
166  2
167  1
174  1
182  1
189  1
200  1
202  1
207  1
220  1
226  1
233  1
246  1
247  1
274  1
289  1
337  1
382  1
