1  15487
2  3057
3  1671
4  1088
5  781
6  546
7  420
8  307
9  260
10  215
11  172
12  148
13  119
14  108
15  95
16  69
17  72
18  51
19  69
20  46
21  62
22  47
23  37
24  35
25  26
26  25
27  33
28  22
29  24
30  29
31  18
32  20
33  24
34  23
35  12
36  20
37  21
38  10
39  13
40  15
41  13
42  14
43  14
44  12
45  7
46  6
47  11
48  8
49  8
50  7
51  9
52  7
53  8
54  6
55  6
56  9
57  13
58  2
59  8
60  1
61  7
62  7
63  2
64  3
65  10
66  2
67  4
68  6
70  4
71  5
72  6
73  3
74  1
75  2
76  2
77  3
78  5
79  7
80  3
81  4
82  2
83  3
84  6
85  5
86  2
87  3
88  4
89  4
90  5
91  2
92  1
93  1
94  1
95  2
96  3
97  3
98  1
99  2
101  2
102  2
104  3
106  1
107  2
109  3
110  3
111  2
113  1
114  3
115  1
116  4
117  2
118  2
119  4
120  1
124  1
125  1
127  1
130  2
132  1
133  2
137  2
138  1
139  1
142  1
143  3
144  1
145  2
148  1
151  2
156  2
157  1
158  1
161  1
162  1
163  2
166  1
171  1
175  1
176  1
178  2
180  1
181  1
185  1
188  1
190  3
191  1
197  1
199  2
200  1
202  1
209  1
211  1
213  1
215  2
217  1
222  1
226  1
231  1
233  1
235  1
237  1
242  2
244  1
245  1
258  1
260  1
262  1
266  1
272  1
276  1
278  2
284  1
298  2
300  1
301  1
303  1
304  1
306  1
310  1
315  1
318  1
321  1
322  1
325  1
327  1
328  1
346  2
350  1
357  1
359  1
361  1
376  1
395  1
396  1
405  1
416  1
421  1
427  1
446  1
449  1
471  1
478  1
487  1
495  1
516  1
521  1
533  1
536  1
554  1
556  1
606  1
612  1
627  1
657  2
713  1
724  1
754  1
870  1
879  1
901  1
915  1
1101  1
1150  1
1226  1
1301  1
1383  1
1394  1
1694  1
1888  1
2188  1
3043  1
3288  1
3962  1
4576  1
5668  1
7134  1
421820  1
