1  16804
2  3406
3  1889
4  1235
5  882
6  644
7  464
8  379
9  312
10  258
11  198
12  182
13  148
14  138
15  112
16  95
17  90
18  75
19  104
20  64
21  70
22  68
23  36
24  44
25  42
26  40
27  42
28  26
29  30
30  23
31  32
32  24
33  22
34  32
35  12
36  28
37  23
38  19
39  19
40  20
41  13
42  18
43  17
44  19
45  10
46  10
47  13
48  8
49  9
50  8
51  18
52  7
53  14
54  10
55  5
56  11
57  15
58  14
59  11
60  7
61  5
62  9
63  8
64  9
65  15
66  3
67  8
68  3
69  5
70  8
71  5
72  4
73  5
74  1
75  7
76  6
77  8
78  10
79  6
80  7
81  5
82  3
83  7
84  9
85  5
86  4
87  3
88  2
89  5
90  4
91  3
92  1
93  2
94  4
95  3
96  3
97  3
98  2
99  3
100  5
101  3
102  1
103  3
104  2
105  1
106  4
107  2
109  4
110  1
111  2
112  1
113  4
114  3
115  2
116  2
117  3
118  5
119  1
121  1
122  2
123  3
125  1
126  2
127  3
129  2
130  1
132  2
133  4
134  1
136  1
137  4
138  1
139  2
140  1
141  3
142  1
143  2
144  2
145  1
146  2
148  2
149  1
150  1
151  2
152  1
153  2
157  3
159  1
160  1
161  2
162  1
164  1
165  1
166  1
167  3
168  2
170  1
172  4
173  2
174  2
175  1
176  1
177  1
180  1
184  1
185  1
186  3
188  1
189  1
190  2
193  1
194  2
197  3
198  1
202  1
203  2
204  1
205  1
207  1
208  1
212  1
213  1
215  1
217  1
218  1
220  1
229  1
232  2
233  2
235  1
237  1
240  2
241  1
242  1
247  2
250  1
252  1
254  1
257  1
259  1
260  1
262  1
265  1
266  1
267  5
270  2
271  1
272  1
274  2
275  2
277  2
278  1
281  1
288  1
291  1
293  1
297  1
307  1
310  1
315  1
317  1
318  1
320  1
322  1
329  1
330  1
337  1
343  2
344  1
349  1
351  1
362  1
368  1
378  1
379  1
380  1
381  1
382  1
384  1
385  1
391  1
392  2
394  1
400  1
402  1
413  1
415  1
417  1
430  1
433  1
436  1
453  1
462  1
463  1
470  2
473  1
476  1
482  1
484  1
497  1
505  1
506  1
526  1
531  1
551  1
557  1
558  1
559  1
590  1
597  1
604  1
617  1
637  1
645  1
646  1
659  1
678  1
707  1
717  1
734  1
777  1
781  1
788  1
841  1
858  1
864  1
888  1
940  1
1006  1
1094  1
1151  1
1198  1
1221  1
1281  1
1341  1
1352  1
1379  1
1507  1
1617  1
1663  1
1721  1
1847  1
1995  1
2100  1
2115  1
2126  1
2231  1
2946  1
2996  1
3203  1
3404  1
3552  1
3811  1
4073  1
4079  1
4906  1
5014  1
5240  1
5553  1
5617  1
5670  1
6159  1
6906  1
8275  1
9051  1
11894  1
11900  1
15123  1
21909  1
28334  1
192219  1
