1  31370
2  7855
3  4871
4  3284
5  2454
6  1842
7  1347
8  1219
9  985
10  878
11  700
12  615
13  579
14  486
15  475
16  392
17  371
18  323
19  321
20  287
21  244
22  218
23  195
24  208
25  192
26  179
27  142
28  176
29  150
30  121
31  127
32  115
33  116
34  123
35  121
36  101
37  105
38  86
39  118
40  79
41  86
42  72
43  72
44  48
45  71
46  64
47  59
48  69
49  65
50  49
51  52
52  55
53  55
54  40
55  55
56  49
57  41
58  34
59  39
60  40
61  35
62  34
63  33
64  38
65  22
66  33
67  33
68  35
69  31
70  30
71  26
72  26
73  29
74  29
75  31
76  20
77  18
78  26
79  17
80  16
81  23
82  18
83  14
84  20
85  12
86  21
87  14
88  18
89  15
90  19
91  16
92  10
93  15
94  16
95  11
96  8
97  14
98  8
99  12
100  13
101  14
102  15
103  11
104  9
105  12
106  6
107  9
108  10
109  12
110  8
111  15
112  9
113  7
114  12
115  9
116  7
117  5
118  8
119  9
120  5
121  14
122  10
123  5
124  1
125  7
126  5
127  6
128  8
129  6
130  5
131  8
132  3
133  4
134  5
135  8
136  5
137  5
138  5
139  6
140  8
141  6
142  6
143  5
144  1
145  3
146  1
147  3
148  4
149  6
150  1
151  3
152  3
153  4
154  6
155  5
156  5
157  2
158  3
159  6
160  4
161  2
162  3
163  5
164  2
165  5
166  5
167  4
168  3
169  3
170  1
171  4
172  2
173  2
174  4
175  3
176  4
177  3
178  4
179  6
180  1
181  3
182  2
183  2
184  3
186  2
187  1
188  2
190  2
191  1
192  4
193  1
194  2
195  2
196  2
197  1
198  3
199  2
200  1
201  2
202  2
203  1
204  1
205  5
206  1
207  5
209  2
211  1
212  1
213  1
214  1
215  2
217  2
220  2
221  2
224  1
225  3
228  2
229  1
234  1
237  3
238  1
239  1
240  2
241  1
244  1
249  1
250  2
252  1
254  1
260  1
263  2
264  1
265  3
271  1
275  1
276  1
280  1
283  1
285  1
286  1
289  1
290  2
292  1
298  1
299  1
301  2
304  1
315  1
316  1
322  1
342  1
346  1
349  1
350  1
352  1
355  1
357  1
370  1
381  1
382  1
387  1
433  1
458  1
471  1
474  1
482  1
522  1
526  1
560  1
