1  1177
2  299
3  210
4  140
5  84
6  100
7  53
8  63
9  41
10  32
11  27
12  28
13  30
14  21
15  19
16  9
17  12
18  11
19  11
20  12
21  11
22  3
23  7
24  4
25  10
26  11
27  9
28  8
29  7
30  5
31  1
32  8
33  2
34  6
35  4
36  2
37  4
38  1
39  3
40  3
41  2
42  1
43  1
44  4
45  1
46  1
47  1
48  2
49  3
50  1
51  3
52  2
53  1
56  2
57  2
58  2
59  5
61  1
62  2
63  1
65  1
66  3
68  5
69  1
70  1
72  2
73  1
75  1
77  1
78  1
79  1
81  1
82  2
86  2
89  2
94  2
97  1
101  1
108  1
113  2
114  1
115  1
117  1
119  2
122  1
124  1
125  1
128  1
132  1
134  1
141  1
146  1
147  1
159  1
161  1
162  1
164  2
167  1
174  1
218  1
226  1
239  1
303  1
367  1
