1  0.469992
2  0.121724
3  0.0728656
4  0.0537616
5  0.0392223
6  0.0280642
7  0.0250211
8  0.013694
9  0.0145393
10  0.0121724
11  0.00862215
12  0.00862215
13  0.00963652
14  0.00693153
15  0.00879121
16  0.00710059
17  0.00405748
18  0.00388842
19  0.00490279
20  0.00388842
21  0.00287405
22  0.0035503
23  0.00338123
24  0.00304311
25  0.00338123
26  0.00371936
27  0.00169062
28  0.00185968
29  0.000676247
30  0.00253593
31  0.00169062
32  0.00287405
33  0.00152156
34  0.00152156
35  0.0021978
36  0.00118343
37  0.00169062
38  0.00118343
39  0.000845309
40  0.0021978
41  0.00135249
42  0.000845309
43  0.00152156
44  0.000845309
45  0.000169062
46  0.000845309
47  0.000845309
48  0.00101437
49  0.000845309
50  0.000338123
51  0.00135249
52  0.00169062
53  0.000507185
54  0.000338123
55  0.000676247
56  0.000676247
57  0.00101437
58  0.000507185
59  0.000338123
60  0.000676247
61  0.000845309
62  0.000507185
63  0.000507185
64  0.000507185
65  0.000338123
66  0.000507185
67  0.000676247
68  0.000338123
69  0.000338123
70  0.000169062
71  0.000845309
72  0.000169062
73  0.000169062
74  0.000169062
75  0.000507185
76  0.000676247
78  0.000169062
79  0.000169062
80  0.000338123
82  0.000507185
83  0.000169062
84  0.000169062
85  0.000338123
86  0.000169062
89  0.000338123
91  0.000338123
93  0.000338123
95  0.000338123
96  0.000169062
97  0.000845309
98  0.000169062
99  0.000169062
101  0.000507185
103  0.000169062
104  0.000338123
106  0.000169062
107  0.000169062
108  0.000338123
109  0.000338123
111  0.000169062
112  0.000169062
114  0.000169062
115  0.000169062
116  0.000169062
117  0.000338123
119  0.000169062
120  0.000169062
122  0.000169062
123  0.000169062
127  0.000338123
129  0.000169062
130  0.000338123
131  0.000169062
135  0.000169062
136  0.000169062
139  0.000169062
140  0.000169062
142  0.000169062
145  0.000338123
147  0.000169062
150  0.000169062
152  0.000169062
153  0.000169062
154  0.000169062
157  0.000169062
160  0.000169062
164  0.000169062
166  0.000338123
167  0.000169062
174  0.000169062
182  0.000169062
189  0.000169062
200  0.000169062
202  0.000169062
207  0.000169062
220  0.000169062
226  0.000169062
233  0.000169062
246  0.000169062
247  0.000169062
274  0.000169062
289  0.000169062
337  0.000169062
382  0.000169062
