1  0.562361
2  0.164917
3  0.0926656
4  0.057004
5  0.0363873
6  0.0241594
7  0.0172456
8  0.0120173
9  0.00841989
10  0.00660169
11  0.00406558
12  0.00345691
13  0.00261414
14  0.00174797
15  0.00156849
16  0.00103005
17  0.000881786
18  0.000554043
19  0.000491615
20  0.00031994
21  0.00029653
22  0.000210692
23  0.000202889
24  0.000163872
25  0.000101444
26  0.000109248
27  9.3641e-05
28  3.90171e-05
29  4.68205e-05
30  1.56068e-05
31  7.80342e-06
32  2.34102e-05
33  2.34102e-05
34  3.12137e-05
35  1.56068e-05
36  4.68205e-05
37  1.56068e-05
38  7.80342e-06
41  7.80342e-06
43  1.56068e-05
44  7.80342e-06
58  7.80342e-06
