1  0.48923
2  0.141219
3  0.0884664
4  0.0578843
5  0.0415312
6  0.0302062
7  0.0240879
8  0.0197083
9  0.0154696
10  0.0125186
11  0.010263
12  0.00882502
13  0.00735888
14  0.00641905
15  0.00566719
16  0.00475555
17  0.00406947
18  0.00355256
19  0.00315784
20  0.00301686
21  0.00199244
22  0.00230259
23  0.0017011
24  0.0017011
25  0.0016917
26  0.00119359
27  0.00117479
28  0.000977425
29  0.000883442
30  0.000808255
31  0.000704874
32  0.000657882
33  0.000620289
34  0.000460518
35  0.000498111
36  0.000554501
37  0.000432323
38  0.000385331
39  0.000347738
40  0.000263153
41  0.000263153
42  0.000234958
43  0.000263153
44  0.000206763
45  0.000103382
46  0.000150373
47  0.000103382
48  0.00016917
49  0.000150373
50  0.000150373
51  9.39832e-05
52  0.000150373
53  9.39832e-05
54  4.69916e-05
55  4.69916e-05
56  0.00011278
57  3.75933e-05
58  0.000103382
59  4.69916e-05
60  5.63899e-05
61  5.63899e-05
62  9.39832e-05
63  5.63899e-05
64  3.75933e-05
65  2.8195e-05
66  5.63899e-05
67  2.8195e-05
68  4.69916e-05
69  1.87966e-05
70  9.39832e-06
71  9.39832e-06
72  9.39832e-06
73  1.87966e-05
74  2.8195e-05
76  2.8195e-05
80  9.39832e-06
81  9.39832e-06
83  9.39832e-06
85  1.87966e-05
87  1.87966e-05
90  1.87966e-05
96  9.39832e-06
101  9.39832e-06
110  9.39832e-06
114  9.39832e-06
120  9.39832e-06
