1  0.455495
2  0.115712
3  0.0812693
4  0.0541796
5  0.0325077
6  0.0386997
7  0.0205108
8  0.0243808
9  0.0158669
10  0.0123839
11  0.0104489
12  0.0108359
13  0.0116099
14  0.00812693
15  0.00735294
16  0.00348297
17  0.00464396
18  0.00425697
19  0.00425697
20  0.00464396
21  0.00425697
22  0.00116099
23  0.00270898
24  0.00154799
25  0.00386997
26  0.00425697
27  0.00348297
28  0.00309598
29  0.00270898
30  0.00193498
31  0.000386997
32  0.00309598
33  0.000773994
34  0.00232198
35  0.00154799
36  0.000773994
37  0.00154799
38  0.000386997
39  0.00116099
40  0.00116099
41  0.000773994
42  0.000386997
43  0.000386997
44  0.00154799
45  0.000386997
46  0.000386997
47  0.000386997
48  0.000773994
49  0.00116099
50  0.000386997
51  0.00116099
52  0.000773994
53  0.000386997
56  0.000773994
57  0.000773994
58  0.000773994
59  0.00193498
61  0.000386997
62  0.000773994
63  0.000386997
65  0.000386997
66  0.00116099
68  0.00193498
69  0.000386997
70  0.000386997
72  0.000773994
73  0.000386997
75  0.000386997
77  0.000386997
78  0.000386997
79  0.000386997
81  0.000386997
82  0.000773994
86  0.000773994
89  0.000773994
94  0.000773994
97  0.000386997
101  0.000386997
108  0.000386997
113  0.000773994
114  0.000386997
115  0.000386997
117  0.000386997
119  0.000773994
122  0.000386997
124  0.000386997
125  0.000386997
128  0.000386997
132  0.000386997
134  0.000386997
141  0.000386997
146  0.000386997
147  0.000386997
159  0.000386997
161  0.000386997
162  0.000386997
164  0.000773994
167  0.000386997
174  0.000386997
218  0.000386997
226  0.000386997
239  0.000386997
303  0.000386997
367  0.000386997
