1  0.581675
2  0.1179
3  0.0653882
4  0.0427498
5  0.0305307
6  0.0222922
7  0.0160615
8  0.0131192
9  0.0108
10  0.00893073
11  0.00685382
12  0.00629998
13  0.00512306
14  0.0047769
15  0.00387691
16  0.00328845
17  0.00311537
18  0.00259614
19  0.00359999
20  0.00221538
21  0.00242307
22  0.00235384
23  0.00124615
24  0.00152307
25  0.00145384
26  0.00138461
27  0.00145384
28  0.000899997
29  0.00103846
30  0.000796151
31  0.00110769
32  0.000830766
33  0.000761536
34  0.00110769
35  0.000415383
36  0.000969227
37  0.000796151
38  0.00065769
39  0.00065769
40  0.000692305
41  0.000449998
42  0.000623075
43  0.000588459
44  0.00065769
45  0.000346153
46  0.000346153
47  0.000449998
48  0.000276922
49  0.000311537
50  0.000276922
51  0.000623075
52  0.000242307
53  0.000484614
54  0.000346153
55  0.000173076
56  0.000380768
57  0.000519229
58  0.000484614
59  0.000380768
60  0.000242307
61  0.000173076
62  0.000311537
63  0.000276922
64  0.000311537
65  0.000519229
66  0.000103846
67  0.000276922
68  0.000103846
69  0.000173076
70  0.000276922
71  0.000173076
72  0.000138461
73  0.000173076
74  3.46153e-05
75  0.000242307
76  0.000207692
77  0.000276922
78  0.000346153
79  0.000207692
80  0.000242307
81  0.000173076
82  0.000103846
83  0.000242307
84  0.000311537
85  0.000173076
86  0.000138461
87  0.000103846
88  6.92305e-05
89  0.000173076
90  0.000138461
91  0.000103846
92  3.46153e-05
93  6.92305e-05
94  0.000138461
95  0.000103846
96  0.000103846
97  0.000103846
98  6.92305e-05
99  0.000103846
100  0.000173076
101  0.000103846
102  3.46153e-05
103  0.000103846
104  6.92305e-05
105  3.46153e-05
106  0.000138461
107  6.92305e-05
109  0.000138461
110  3.46153e-05
111  6.92305e-05
112  3.46153e-05
113  0.000138461
114  0.000103846
115  6.92305e-05
116  6.92305e-05
117  0.000103846
118  0.000173076
119  3.46153e-05
121  3.46153e-05
122  6.92305e-05
123  0.000103846
125  3.46153e-05
126  6.92305e-05
127  0.000103846
129  6.92305e-05
130  3.46153e-05
132  6.92305e-05
133  0.000138461
134  3.46153e-05
136  3.46153e-05
137  0.000138461
138  3.46153e-05
139  6.92305e-05
140  3.46153e-05
141  0.000103846
142  3.46153e-05
143  6.92305e-05
144  6.92305e-05
145  3.46153e-05
146  6.92305e-05
148  6.92305e-05
149  3.46153e-05
150  3.46153e-05
151  6.92305e-05
152  3.46153e-05
153  6.92305e-05
157  0.000103846
159  3.46153e-05
160  3.46153e-05
161  6.92305e-05
162  3.46153e-05
164  3.46153e-05
165  3.46153e-05
166  3.46153e-05
167  0.000103846
168  6.92305e-05
170  3.46153e-05
172  0.000138461
173  6.92305e-05
174  6.92305e-05
175  3.46153e-05
176  3.46153e-05
177  3.46153e-05
180  3.46153e-05
184  3.46153e-05
185  3.46153e-05
186  0.000103846
188  3.46153e-05
189  3.46153e-05
190  6.92305e-05
193  3.46153e-05
194  6.92305e-05
197  0.000103846
198  3.46153e-05
202  3.46153e-05
203  6.92305e-05
204  3.46153e-05
205  3.46153e-05
207  3.46153e-05
208  3.46153e-05
212  3.46153e-05
213  3.46153e-05
215  3.46153e-05
217  3.46153e-05
218  3.46153e-05
220  3.46153e-05
229  3.46153e-05
232  6.92305e-05
233  6.92305e-05
235  3.46153e-05
237  3.46153e-05
240  6.92305e-05
241  3.46153e-05
242  3.46153e-05
247  6.92305e-05
250  3.46153e-05
252  3.46153e-05
254  3.46153e-05
257  3.46153e-05
259  3.46153e-05
260  3.46153e-05
262  3.46153e-05
265  3.46153e-05
266  3.46153e-05
267  0.000173076
270  6.92305e-05
271  3.46153e-05
272  3.46153e-05
274  6.92305e-05
275  6.92305e-05
277  6.92305e-05
278  3.46153e-05
281  3.46153e-05
288  3.46153e-05
291  3.46153e-05
293  3.46153e-05
297  3.46153e-05
307  3.46153e-05
310  3.46153e-05
315  3.46153e-05
317  3.46153e-05
318  3.46153e-05
320  3.46153e-05
322  3.46153e-05
329  3.46153e-05
330  3.46153e-05
337  3.46153e-05
343  6.92305e-05
344  3.46153e-05
349  3.46153e-05
351  3.46153e-05
362  3.46153e-05
368  3.46153e-05
378  3.46153e-05
379  3.46153e-05
380  3.46153e-05
381  3.46153e-05
382  3.46153e-05
384  3.46153e-05
385  3.46153e-05
391  3.46153e-05
392  6.92305e-05
394  3.46153e-05
400  3.46153e-05
402  3.46153e-05
413  3.46153e-05
415  3.46153e-05
417  3.46153e-05
430  3.46153e-05
433  3.46153e-05
436  3.46153e-05
453  3.46153e-05
462  3.46153e-05
463  3.46153e-05
470  6.92305e-05
473  3.46153e-05
476  3.46153e-05
482  3.46153e-05
484  3.46153e-05
497  3.46153e-05
505  3.46153e-05
506  3.46153e-05
526  3.46153e-05
531  3.46153e-05
551  3.46153e-05
557  3.46153e-05
558  3.46153e-05
559  3.46153e-05
590  3.46153e-05
597  3.46153e-05
604  3.46153e-05
617  3.46153e-05
637  3.46153e-05
645  3.46153e-05
646  3.46153e-05
659  3.46153e-05
678  3.46153e-05
707  3.46153e-05
717  3.46153e-05
734  3.46153e-05
777  3.46153e-05
781  3.46153e-05
788  3.46153e-05
841  3.46153e-05
858  3.46153e-05
864  3.46153e-05
888  3.46153e-05
940  3.46153e-05
1006  3.46153e-05
1094  3.46153e-05
1151  3.46153e-05
1198  3.46153e-05
1221  3.46153e-05
1281  3.46153e-05
1341  3.46153e-05
1352  3.46153e-05
1379  3.46153e-05
1507  3.46153e-05
1617  3.46153e-05
1663  3.46153e-05
1721  3.46153e-05
1847  3.46153e-05
1995  3.46153e-05
2100  3.46153e-05
2115  3.46153e-05
2126  3.46153e-05
2231  3.46153e-05
2946  3.46153e-05
2996  3.46153e-05
3203  3.46153e-05
3404  3.46153e-05
3552  3.46153e-05
3811  3.46153e-05
4073  3.46153e-05
4079  3.46153e-05
4906  3.46153e-05
5014  3.46153e-05
5240  3.46153e-05
5553  3.46153e-05
5617  3.46153e-05
5670  3.46153e-05
6159  3.46153e-05
6906  3.46153e-05
8275  3.46153e-05
9051  3.46153e-05
11894  3.46153e-05
11900  3.46153e-05
15123  3.46153e-05
21909  3.46153e-05
28334  3.46153e-05
192219  3.46153e-05
