1  0.600737
2  0.11858
3  0.0648177
4  0.0422033
5  0.0302948
6  0.0211792
7  0.0162917
8  0.0119085
9  0.0100853
10  0.0083398
11  0.00667184
12  0.00574088
13  0.00461598
14  0.00418929
15  0.00368503
16  0.00267649
17  0.00279286
18  0.00197828
19  0.00267649
20  0.00178433
21  0.00240497
22  0.00182312
23  0.00143522
24  0.00135764
25  0.00100853
26  0.000969744
27  0.00128006
28  0.000853375
29  0.000930954
30  0.0011249
31  0.000698216
32  0.000775795
33  0.000930954
34  0.000892164
35  0.000465477
36  0.000775795
37  0.000814585
38  0.000387898
39  0.000504267
40  0.000581846
41  0.000504267
42  0.000543057
43  0.000543057
44  0.000465477
45  0.000271528
46  0.000232739
47  0.000426687
48  0.000310318
49  0.000310318
50  0.000271528
51  0.000349108
52  0.000271528
53  0.000310318
54  0.000232739
55  0.000232739
56  0.000349108
57  0.000504267
58  7.75795e-05
59  0.000310318
60  3.87898e-05
61  0.000271528
62  0.000271528
63  7.75795e-05
64  0.000116369
65  0.000387898
66  7.75795e-05
67  0.000155159
68  0.000232739
70  0.000155159
71  0.000193949
72  0.000232739
73  0.000116369
74  3.87898e-05
75  7.75795e-05
76  7.75795e-05
77  0.000116369
78  0.000193949
79  0.000271528
80  0.000116369
81  0.000155159
82  7.75795e-05
83  0.000116369
84  0.000232739
85  0.000193949
86  7.75795e-05
87  0.000116369
88  0.000155159
89  0.000155159
90  0.000193949
91  7.75795e-05
92  3.87898e-05
93  3.87898e-05
94  3.87898e-05
95  7.75795e-05
96  0.000116369
97  0.000116369
98  3.87898e-05
99  7.75795e-05
101  7.75795e-05
102  7.75795e-05
104  0.000116369
106  3.87898e-05
107  7.75795e-05
109  0.000116369
110  0.000116369
111  7.75795e-05
113  3.87898e-05
114  0.000116369
115  3.87898e-05
116  0.000155159
117  7.75795e-05
118  7.75795e-05
119  0.000155159
120  3.87898e-05
124  3.87898e-05
125  3.87898e-05
127  3.87898e-05
130  7.75795e-05
132  3.87898e-05
133  7.75795e-05
137  7.75795e-05
138  3.87898e-05
139  3.87898e-05
142  3.87898e-05
143  0.000116369
144  3.87898e-05
145  7.75795e-05
148  3.87898e-05
151  7.75795e-05
156  7.75795e-05
157  3.87898e-05
158  3.87898e-05
161  3.87898e-05
162  3.87898e-05
163  7.75795e-05
166  3.87898e-05
171  3.87898e-05
175  3.87898e-05
176  3.87898e-05
178  7.75795e-05
180  3.87898e-05
181  3.87898e-05
185  3.87898e-05
188  3.87898e-05
190  0.000116369
191  3.87898e-05
197  3.87898e-05
199  7.75795e-05
200  3.87898e-05
202  3.87898e-05
209  3.87898e-05
211  3.87898e-05
213  3.87898e-05
215  7.75795e-05
217  3.87898e-05
222  3.87898e-05
226  3.87898e-05
231  3.87898e-05
233  3.87898e-05
235  3.87898e-05
237  3.87898e-05
242  7.75795e-05
244  3.87898e-05
245  3.87898e-05
258  3.87898e-05
260  3.87898e-05
262  3.87898e-05
266  3.87898e-05
272  3.87898e-05
276  3.87898e-05
278  7.75795e-05
284  3.87898e-05
298  7.75795e-05
300  3.87898e-05
301  3.87898e-05
303  3.87898e-05
304  3.87898e-05
306  3.87898e-05
310  3.87898e-05
315  3.87898e-05
318  3.87898e-05
321  3.87898e-05
322  3.87898e-05
325  3.87898e-05
327  3.87898e-05
328  3.87898e-05
346  7.75795e-05
350  3.87898e-05
357  3.87898e-05
359  3.87898e-05
361  3.87898e-05
376  3.87898e-05
395  3.87898e-05
396  3.87898e-05
405  3.87898e-05
416  3.87898e-05
421  3.87898e-05
427  3.87898e-05
446  3.87898e-05
449  3.87898e-05
471  3.87898e-05
478  3.87898e-05
487  3.87898e-05
495  3.87898e-05
516  3.87898e-05
521  3.87898e-05
533  3.87898e-05
536  3.87898e-05
554  3.87898e-05
556  3.87898e-05
606  3.87898e-05
612  3.87898e-05
627  3.87898e-05
657  7.75795e-05
713  3.87898e-05
724  3.87898e-05
754  3.87898e-05
870  3.87898e-05
879  3.87898e-05
901  3.87898e-05
915  3.87898e-05
1101  3.87898e-05
1150  3.87898e-05
1226  3.87898e-05
1301  3.87898e-05
1383  3.87898e-05
1394  3.87898e-05
1694  3.87898e-05
1888  3.87898e-05
2188  3.87898e-05
3043  3.87898e-05
3288  3.87898e-05
3962  3.87898e-05
4576  3.87898e-05
5668  3.87898e-05
7134  3.87898e-05
421820  3.87898e-05
