1  0.769596
2  0.0994033
3  0.051668
4  0.0260374
5  0.0160022
6  0.0103065
7  0.00569569
8  0.00420396
9  0.00366151
10  0.00257662
11  0.00298346
12  0.0012205
13  0.00108489
14  0.000949281
15  0.000542446
16  0.000678058
17  0.000135612
18  0.000406835
19  0.000406835
20  0.000271223
21  0.000271223
22  0.000135612
23  0.000135612
25  0.000135612
27  0.000135612
28  0.000135612
30  0.000135612
32  0.000271223
35  0.000135612
52  0.000135612
67  0.000135612
105  0.000135612
140  0.000135612
687402  0.000135612
