1  0.474318
2  0.118769
3  0.0736502
4  0.0496545
5  0.0371048
6  0.0278513
7  0.0203668
8  0.0184314
9  0.0148933
10  0.0132755
11  0.0105841
12  0.00929888
13  0.00875455
14  0.00734838
15  0.00718206
16  0.00592709
17  0.00560957
18  0.0048838
19  0.00485356
20  0.00433948
21  0.00368931
22  0.00329619
23  0.00294843
24  0.00314499
25  0.00290306
26  0.0027065
27  0.00214706
28  0.00266114
29  0.00226802
30  0.00182954
31  0.00192026
32  0.00173881
33  0.00175394
34  0.00185978
35  0.00182954
36  0.00152713
37  0.00158761
38  0.00130033
39  0.00178418
40  0.00119449
41  0.00130033
42  0.00108865
43  0.00108865
44  0.000725766
45  0.00107353
46  0.000967688
47  0.000892088
48  0.00104329
49  0.000982808
50  0.000740886
51  0.000786247
52  0.000831607
53  0.000831607
54  0.000604805
55  0.000831607
56  0.000740886
57  0.000619925
58  0.000514084
59  0.000589685
60  0.000604805
61  0.000529205
62  0.000514084
63  0.000498964
64  0.000574565
65  0.000332643
66  0.000498964
67  0.000498964
68  0.000529205
69  0.000468724
70  0.000453604
71  0.000393123
72  0.000393123
73  0.000438484
74  0.000438484
75  0.000468724
76  0.000302403
77  0.000272162
78  0.000393123
79  0.000257042
80  0.000241922
81  0.000347763
82  0.000272162
83  0.000211682
84  0.000302403
85  0.000181442
86  0.000317523
87  0.000211682
88  0.000272162
89  0.000226802
90  0.000287282
91  0.000241922
92  0.000151201
93  0.000226802
94  0.000241922
95  0.000166321
96  0.000120961
97  0.000211682
98  0.000120961
99  0.000181442
100  0.000196562
101  0.000211682
102  0.000226802
103  0.000166321
104  0.000136081
105  0.000181442
106  9.07208e-05
107  0.000136081
108  0.000151201
109  0.000181442
110  0.000120961
111  0.000226802
112  0.000136081
113  0.000105841
114  0.000181442
115  0.000136081
116  0.000105841
117  7.56006e-05
118  0.000120961
119  0.000136081
120  7.56006e-05
121  0.000211682
122  0.000151201
123  7.56006e-05
124  1.51201e-05
125  0.000105841
126  7.56006e-05
127  9.07208e-05
128  0.000120961
129  9.07208e-05
130  7.56006e-05
131  0.000120961
132  4.53604e-05
133  6.04805e-05
134  7.56006e-05
135  0.000120961
136  7.56006e-05
137  7.56006e-05
138  7.56006e-05
139  9.07208e-05
140  0.000120961
141  9.07208e-05
142  9.07208e-05
143  7.56006e-05
144  1.51201e-05
145  4.53604e-05
146  1.51201e-05
147  4.53604e-05
148  6.04805e-05
149  9.07208e-05
150  1.51201e-05
151  4.53604e-05
152  4.53604e-05
153  6.04805e-05
154  9.07208e-05
155  7.56006e-05
156  7.56006e-05
157  3.02403e-05
158  4.53604e-05
159  9.07208e-05
160  6.04805e-05
161  3.02403e-05
162  4.53604e-05
163  7.56006e-05
164  3.02403e-05
165  7.56006e-05
166  7.56006e-05
167  6.04805e-05
168  4.53604e-05
169  4.53604e-05
170  1.51201e-05
171  6.04805e-05
172  3.02403e-05
173  3.02403e-05
174  6.04805e-05
175  4.53604e-05
176  6.04805e-05
177  4.53604e-05
178  6.04805e-05
179  9.07208e-05
180  1.51201e-05
181  4.53604e-05
182  3.02403e-05
183  3.02403e-05
184  4.53604e-05
186  3.02403e-05
187  1.51201e-05
188  3.02403e-05
190  3.02403e-05
191  1.51201e-05
192  6.04805e-05
193  1.51201e-05
194  3.02403e-05
195  3.02403e-05
196  3.02403e-05
197  1.51201e-05
198  4.53604e-05
199  3.02403e-05
200  1.51201e-05
201  3.02403e-05
202  3.02403e-05
203  1.51201e-05
204  1.51201e-05
205  7.56006e-05
206  1.51201e-05
207  7.56006e-05
209  3.02403e-05
211  1.51201e-05
212  1.51201e-05
213  1.51201e-05
214  1.51201e-05
215  3.02403e-05
217  3.02403e-05
220  3.02403e-05
221  3.02403e-05
224  1.51201e-05
225  4.53604e-05
228  3.02403e-05
229  1.51201e-05
234  1.51201e-05
237  4.53604e-05
238  1.51201e-05
239  1.51201e-05
240  3.02403e-05
241  1.51201e-05
244  1.51201e-05
249  1.51201e-05
250  3.02403e-05
252  1.51201e-05
254  1.51201e-05
260  1.51201e-05
263  3.02403e-05
264  1.51201e-05
265  4.53604e-05
271  1.51201e-05
275  1.51201e-05
276  1.51201e-05
280  1.51201e-05
283  1.51201e-05
285  1.51201e-05
286  1.51201e-05
289  1.51201e-05
290  3.02403e-05
292  1.51201e-05
298  1.51201e-05
299  1.51201e-05
301  3.02403e-05
304  1.51201e-05
315  1.51201e-05
316  1.51201e-05
322  1.51201e-05
342  1.51201e-05
346  1.51201e-05
349  1.51201e-05
350  1.51201e-05
352  1.51201e-05
355  1.51201e-05
357  1.51201e-05
370  1.51201e-05
381  1.51201e-05
382  1.51201e-05
387  1.51201e-05
433  1.51201e-05
458  1.51201e-05
471  1.51201e-05
474  1.51201e-05
482  1.51201e-05
522  1.51201e-05
526  1.51201e-05
560  1.51201e-05
