1.19959e-07
0.00201616
2.4696
6.15638
5.0558
5.29959
6.14072
5.83601
5.23674
5.34795
2.02575
4.54642
1.86027
0.437179
2.62296
1.20591
4.50949
3.24919
1.98313
4.52416
4.6529
0.734661
0.99074
0.930178
0.92926
4.35326
3.79555
4.84157
5.09364
0.351693
4.70494
2.03044
1.57155
4.77882
5.94418
1.12693
2.87521
5.89477
0.0806128
3.97432
6.15052
0.807982
1.78795
3.9526
5.57689
4.47527
6.15828
5.63616
1.71526
1.13794
5.61005
2.67843
3.68824
4.70455
1.70388
4.58587
5.19491
5.95151
5.0511
1.74379
3.03564
0.570367
4.30674
1.05539
0.504858
2.84205
1.58992
5.72979
4.5242
5.39307
0.148987
3.32375
4.71131
2.26417
2.9312
4.52165
0.265646
3.64537
0.335794
1.3954
3.63411
5.90939
0.879523
4.08769
1.42419
3.75818
5.09742
1.16368
4.66144
6.14353
2.71095
3.5248
3.51353
2.46065
0.277854
1.48068
4.30551
5.62541
3.15376
0.263945
0.195905
0.185121
1.15995
4.87391
1.95681
1.90078
2.75108
5.64629
2.23181
5.73305
2.75006
1.06683
4.27256
4.6366
3.26874
3.88817
3.29003
3.4587
4.54156
1.90449
2.18352
4.59052
1.62178
0.772729
6.19537
0.640432
0.644676
2.85124
5.2549
2.61841
0.120141
2.30352
4.61441
1.02879
5.876
5.14218
5.63438
3.07488
0.306953
0.46905
4.20095
1.22178
1.07921
5.03906
0.466301
1.9824
4.77167
5.11835
1.01062
2.11858
0.182819
0.158661
2.54407
1.05094
1.19409
0.56069
5.02677
1.22647
4.40705
3.05988
5.81818
1.01481
3.35336
6.04368
2.09396
1.02656
6.08598
3.0561
5.1702
5.32159
5.17002
2.37963
1.95774
4.89535
4.08495
5.74036
6.15061
2.35841
3.38968
0.686626
4.19465
2.07653
3.41998
1.04758
1.24816
4.50811
5.18478
5.42419
1.67005
1.60315
1.85513
2.02165
4.67589
3.87134
3.26739
6.21774
5.98187
0.0381104
5.92056
0.0788109
5.10567
1.5596
4.96669
2.97173
0.823166
5.66779
5.41588
0.21649
0.57693
1.51293
6.12716
4.05506
5.90113
0.261286
5.77836
4.02007
2.14468
5.21211
6.08184
2.57832
4.91841
2.05633
3.29543
6.25951
4.22826
1.57278
0.293233
2.3552
6.05708
1.14194
3.65675
3.14907
3.08357
1.89677
4.44218
2.91694
3.54285
5.25784
1.80303
5.93779
0.634839
0.890132
0.180629
1.06062
0.456452
6.10399
4.22404
6.05563
1.87103
5.34083
1.69875
0.153289
0.22644
4.44493
5.15683
0.54212
0.795906
6.17174
5.67398
2.61215
1.84232
0.413088
6.13884
5.50722
2.20692
2.037
5.10474
4.8251
4.74644
2.03256
5.91721
0.242194
5.33661
6.18264
0.237532
2.38088
4.0554
5.35012
0.870053
2.01598
3.57131
5.98578
2.91518
5.43356
1.96455
0.0391073
3.82501
3.73631
2.03507
4.03013
1.58396
6.04784
2.93411
3.17563
3.41752
3.62896
1.05012
6.25703
0.147121
3.36967
3.6792
3.43034
5.46987
2.82961
6.09862
1.97334
3.3105
1.93093
0.439151
4.35558
5.12026
1.66755
3.58804
4.46336
0.675728
3.24415
5.16833
5.43405
3.95336
5.64439
1.69177
2.16075
5.21672
1.8778
6.00862
3.44709
4.21274
4.6514
0.709271
1.51693
4.17681
3.84878
1.12643
0.714535
2.02007
3.21539
5.66165
2.83381
1.31188
1.00168
2.58122
3.41271
4.55979
0.448565
5.48486
3.46505
4.6173
5.58318
3.43494
1.15588
5.51539
1.27522
0.726181
2.98545
5.22276
2.80613
1.04395
2.97845
0.606452
1.3202
2.73392
6.27556
3.85142
1.52429
2.27536
2.4605
3.96944
5.85056
4.86038
0.72922
3.7887
2.85866
4.30911
3.14885
5.689
3.71151
6.18861
0.131182
5.66854
5.52459
5.15293
4.102
3.28513
2.89015
5.70747
0.115209
1.09586
2.03157
1.73788
4.3123
0.222101
0.645109
3.8569
5.61373
1.63369
6.13412
1.61864
4.65484
1.91594
6.15116
5.33355
5.13051
4.4065
0.133119
0.515936
0.53478
3.09036
2.84766
1.5601
0.817863
4.50458
2.40802
1.60654
2.25794
5.09625
0.302165
1.67403
5.62992
3.58915
4.23683
1.11782
0.469394
3.70693
4.67241
2.00765
1.92311
1.02273
4.54675
1.13705
3.27438
4.32796
5.82918
3.63277
2.23987
2.9041
1.49615
0.426968
0.652807
1.2791
3.01321
0.475762
3.915
1.86804
5.35717
6.20111
2.88458
0.143147
5.7025
4.51954
2.53884
1.12561
5.73071
1.0257
4.19307
0.723624
3.98306
2.27556
5.9335
3.89295
1.96432
2.49927
2.10467
5.11755
0.176149
1.16433
3.07319
3.30433
5.07952
1.79474
4.8972
3.71999
4.15132
2.67644
1.56611
1.35054
3.60486
4.45
2.405
1.15607
2.43607
1.78737
0.434371
5.70007
1.35118
1.85025
1.65895
3.43648
1.85511
1.6108
4.68707
3.35319
3.13009
4.5196
3.44345
5.95833
0.173273
3.0855
2.84909
0.555182
0.418988
4.7595
1.76575
1.44573
1.3625
3.65274
4.85989
5.04558
3.19358
3.45616
5.98902
0.890541
0.771207
5.7519
5.3495
2.90831
2.98467
4.6227
2.1072
3.74941
2.26108
1.26587
0.671903
1.79806
4.08225
4.2701
0.970148
0.404565
1.11461
3.08693
1.77892
2.97969
2.63261
0.166836
1.71726
3.32218
3.51168
2.8479
5.55272
0.48883
3.64331
3.54001
1.41997
1.96399
3.17061
0.697734
2.38453
2.61588
1.60478
4.07031
4.69513
0.553401
1.88817
4.34442
5.97826
2.16711
5.21319
5.31199
0.752045
4.13414
2.9492
5.39135
2.5542
1.78898
2.30956
5.53187
1.90842
5.47788
5.54657
3.92701
2.64921
2.57204
6.244
1.09417
5.09051
4.3711
2.01832
5.34243
3.44033
3.82933
0.91148
0.831768
5.72326
1.58488
2.71958
4.14574
3.15729
3.11398
3.95892
4.95007
0.109105
5.31591
3.87012
1.55294
6.22782
5.62965
5.39912
1.30613
4.92707
3.18435
5.5635
5.66928
5.39706
4.38716
1.79649
2.82533
3.33629
1.83112
0.597791
0.25847
2.43209
4.0759
4.31863
6.06272
1.75846
4.60507
1.09593
3.22336
1.42267
3.37352
5.52886
1.56727
1.93952
0.419536
1.41552
2.5382
2.98226
1.8673
5.52999
1.60294
4.64034
3.2216
3.23711
6.26848
4.11772
3.4358
3.0179
4.04195
5.47739
3.56937
4.87457
0.52783
5.66456
1.38516
1.20049
1.31007
2.02116
2.71231
1.27499
3.04777
3.31665
4.74545
4.23915
2.33715
4.29811
0.553853
3.20943
6.01973
1.6946
5.77178
0.130894
0.828883
1.21411
4.11872
1.40851
4.00159
5.8734
5.47475
3.20839
1.13563
4.51071
4.83259
4.81177
0.552385
3.67377
0.167429
5.40244
0.502197
2.11231
1.60912
1.64311
1.07001
1.14469
5.94154
0.738957
4.0733
4.67943
0.512049
4.32711
4.19178
4.25557
1.83973
0.775956
3.88424
0.130303
3.44803
1.27734
4.95441
4.0268
2.19296
6.2501
3.13021
0.252863
2.42897
1.88583
2.73248
0.907353
0.589626
1.25596
3.72759
6.1947
1.87188
0.730641
2.54219
0.919444
2.74852
0.31941
2.4781
4.40897
3.92703
3.04049
0.348925
2.16966
4.10444
0.245598
5.9937
4.11698
3.6243
4.45508
6.03707
4.21663
0.807091
5.66834
2.15215
5.1966
3.04265
5.26624
4.71284
2.94314
4.09357
5.98953
3.11976
0.64777
4.58891
5.91333
4.19887
3.92029
2.77126
5.59863
5.5315
1.93715
4.47423
1.24055
2.34598
1.81883
1.31572
2.73992
0.312077
4.89848
0.257232
0.474333
5.03488
5.63061
2.62192
2.596
0.593698
0.577262
0.801961
1.12866
0.39249
5.52225
3.52545
1.75837
3.14473
5.63431
1.89602
4.35712
5.95811
2.82108
1.03968
0.397022
0.00884153
4.08631
3.41034
2.30367
0.749628
1.20737
3.80095
1.45701
2.44714
5.66848
4.41757
4.03021
2.92697
2.4572
5.05126
4.39301
5.96862
3.59338
0.0166249
2.95384
1.80676
5.86837
2.58114
2.05142
2.29415
4.0794
0.385416
6.00702
1.80774
3.47134
3.35981
1.39211
4.86546
4.49214
0.704643
5.41279
4.84743
2.94158
2.98889
0.286733
6.20547
0.720412
0.26047
4.61535
4.29755
3.7837
0.557009
5.99146
4.16202
0.421447
2.10437
0.0368399
3.41657
0.272815
4.75941
0.0938142
5.93949
3.99544
2.99624
4.31908
1.19816
6.22866
0.940543
5.5002
3.66481
0.327397
4.76764
0.186178
0.0698263
4.89732
5.83803
1.61046
5.39352
1.43091
3.55248
3.66816
0.0876453
2.78881
5.27025
3.01672
3.05332
2.33175
1.54932
1.91632
6.24562
3.20918
1.84225
5.47596
4.61987
4.86837
3.07605
1.08344
0.762008
1.93989
0.305394
5.67928
3.7878
0.320388
0.0795344
4.69962
0.605131
4.24111
3.80408
3.82259
0.630105
3.00376
5.09833
3.90013
3.2191
5.15478
3.77377
3.32173
2.16283
2.47509
4.21553
1.26528
3.1812
2.76972
4.77789
2.9652
4.17545
6.09167
4.43955
2.74661
5.91119
5.98499
2.14325
0.182025
5.67154
5.7167
4.34938
1.43958
4.73759
4.14786
1.11709
0.770801
5.21172
5.84959
1.1283
0.628438
0.121872
6.26179
4.90013
2.82416
2.4554
6.22087
1.91575
2.97041
3.70778
6.26742
5.24541
0.238566
0.911467
0.617023
3.04964
3.29113
3.19003
0.410221
1.93354
0.325254
0.175071
1.88761
1.34138
0.581074
2.03985
2.64831
0.0928735
2.69566
4.13781
1.87563
1.04419
0.820955
6.1915
4.65612
4.53982
4.00389
0.438234
1.50077
2.72071
4.2773
2.70826
2.337
1.80801
1.74442
1.05866
5.23194
0.0146783
1.65455
4.87297
4.90332
6.16904
4.25151
2.80212
2.7057
3.21438
1.31194
2.01286
1.39707
0.348029
5.95883
2.28767
2.0778
5.84288
1.44538
1.6373
4.00055
0.861947
4.00025
2.15746
0.137502
5.06896
0.353765
1.83088
2.9151
4.08445
3.60309
6.12114
3.408
0.788502
1.12227
6.10957
3.76104
2.92576
1.05167
0.791186
2.23523
0.272039
4.28061
1.7334
4.3895
3.47427
2.4242
3.37769
0.337851
4.54046
2.26988
4.64874
0.0103624
4.51557
4.89385
3.99883
3.44434
2.02975
2.55786
0.366817
1.28382
0.744185
3.98123
2.87991
3.28738
2.88538
0.927219
1.46538
4.79932
4.94508
4.33036
2.26525
2.21888
2.06211
6.13041
2.15473
4.55334
5.11838
1.45998
2.07025
4.71572
1.06913
5.22708
0.102464
0.526205
3.48729
1.32319
2.63191
0.90093
5.74159
1.80532
0.511816
0.415475
2.27607
1.86193
3.20071
3.90079
1.8269
5.08748
3.61914
5.60081
4.44484
3.67333
5.36765
0.159042
2.67088
2.39404
5.37215
0.321907
0.471029
6.05105
0.384633
5.40711
3.58824
1.57007
5.00461
5.81077
2.06126
4.44305
5.02444
6.06953
3.06227
2.01644
5.15059
2.50118
2.7855
6.13063
5.86529
1.07799
3.30126
3.74081
2.17979
4.7366
0.0990411
5.82361
4.30526
1.2918
2.96114
5.10056
3.58772
5.34782
6.08463
5.49662
0.00334521
5.95748
4.75641
0.0694409
4.70348
2.69792
4.4064
4.75184
4.97038
2.23786
0.642019
2.18508
5.76645
4.80034
3.16666
3.50918
4.84149
3.65081
3.80592
3.34929
0.437519
2.05213
1.75355
3.8325
3.83086
1.39336
0.71579
4.26235
2.74424
3.92489
4.7017
4.18917
4.37124
4.35746
5.27649
1.14048
4.26586
5.13346
3.66282
4.58163
3.07307
1.28345
0.826167
5.83909
0.588052
6.21825
1.9728
0.505296
3.92605
5.33977
2.72992
1.92808
2.81199
5.22843
3.84693
1.41444
3.20434
2.21235
5.34314
2.79534
1.98195
3.41382
4.29683
4.22388
3.31616
2.88489
5.23468
2.07449
0.59293
0.243334
5.64801
5.94529
1.02296
2.01145
2.92186
4.62675
1.05099
1.98241
4.84759
5.71114
5.12371
3.09752
3.90633
0.617231
0.262563
2.10101
0.148885
1.60264
5.82604
1.09376
4.47299
5.44334
2.95786
0.116934
4.95337
5.32739
2.05478
2.31094
3.5623
5.42529
1.27422
2.77029
1.91331
6.01152
1.91872
2.70175
5.9888
3.46759
3.23121
1.31397
4.81861
2.47865
1.11859
0.779964
2.12532
0.405381
2.26429
5.02904
1.59105
5.78637
0.335875
2.74298
1.50754
3.44795
6.20902
3.79473
3.6707
5.08181
2.63882
3.92015
0.414768
2.94496
3.25294
2.10697
6.1155
2.85427
5.95847
2.59733
4.06107
0.111871
1.54952
5.20029
2.20281
2.17011
5.44321
0.836761
1.68174
3.19428
2.72119
5.93767
4.91505
2.16445
4.47843
2.71201
2.49777
2.04771
2.83353
2.80315
1.23516
5.8998
2.91379
0.984762
0.97742
3.24355
1.3912
2.12376
5.46612
2.63732
3.87518
5.01221
1.59909
2.76225
4.90346
2.11868
1.76845
2.898
5.64554
2.1411
1.69404
2.69046
4.73554
1.1812
3.85794
4.14329
5.97205
4.66482
0.0709329
4.64695
1.2798
2.17471
1.13413
4.48876
0.380264
1.09897
4.13484
2.29236
5.4251
4.42268
1.89454
4.59954
2.43035
6.23475
2.75672
6.28317
6.04931
2.55273
2.14312
4.14673
0.999145
3.9591
1.60727
2.00689
1.67317
3.7736
0.402874
4.1201
5.83591
3.6131
4.62734
4.68651
0.0850073
2.43427
2.98555
0.617752
2.7439
4.45465
5.19674
5.3032
3.9601
5.82284
3.86403
6.04075
3.18594
0.864144
3.23038
6.196
4.86043
1.62592
1.22244
5.76809
1.07424
3.21529
3.9345
2.82292
0.521882
6.22562
0.170487
0.249121
2.3729
1.92228
5.93937
2.09165
6.22914
2.68515
3.46101
5.70341
0.909764
3.41219
2.10963
0.576513
0.774883
4.69166
5.06593
6.00709
2.95242
3.07319
3.23849
4.26837
3.33081
4.06451
1.36171
2.98044
2.72205
1.56702
4.00275
0.125312
1.25009
5.55588
3.27603
0.601028
4.39408
5.03015
1.49646
5.69995
5.66065
4.78951
3.35027
4.43962
3.87447
5.60149
3.24344
5.90956
3.63374
5.97249
5.81294
0.837997
3.59072
5.46808
4.17079
3.21511
0.903869
4.87197
0.798299
2.40777
3.65865
3.67563
0.112853
5.48799
5.70381
1.31771
4.76493
5.00358
0.983667
1.43605
1.91151
0.754939
2.50836
4.10002
1.36201
1.63113
0.915226
0.966325
5.27407
4.32247
1.57054
0.369258
4.61122
3.90336
1.10811
0.615855
2.26474
6.18399
4.14098
4.91323
2.96824
5.0824
0.0405685
3.25097
0.410098
6.14682
1.4555
2.09253
2.13892
2.7782
2.78628
0.475143
6.08819
2.4578
2.5193
5.69008
3.17406
2.14806
5.57199
3.92576
0.444885
0.197987
3.75412
5.99893
4.07497
1.23083
2.24292
4.00368
3.19546
3.67461
1.66252
0.567652
2.6503
2.14513
0.299314
4.02651
3.63359
3.443
4.73045
3.46331
0.423137
5.38059
3.9095
3.66741
0.136246
2.81222
2.88511
2.63796
2.0328
3.50952
4.16681
5.40602
4.14404
6.01019
4.84661
1.75103
5.39537
1.05252
2.53008
4.71629
4.24973
4.23397
3.31363
4.25741
1.30791
3.53667
1.86237
4.3652
3.42431
4.64471
1.29922
1.91749
0.854532
5.04366
2.2711
0.0762652
0.0199441
2.19112
0.428754
5.53256
0.852383
0.335777
1.1067
2.01082
4.91133
2.54504
4.86397
4.50683
2.50819
1.23482
0.226235
1.00468
2.74623
5.89325
6.05349
3.68405
3.25699
1.0957
5.7656
3.07369
5.41627
0.44711
6.16916
6.21146
0.927353
3.71934
5.84269
4.47729
2.36653
1.7569
3.55886
4.17973
2.6317
3.60023
1.93689
0.0995175
1.26414
2.87201
2.49938
4.00654
1.068
5.14892
5.89244
4.9938
6.22909
1.9227
0.360851
1.55323
4.86631
6.20183
2.34724
4.1782
2.04764
1.60805
2.46877
4.75227
5.77452
2.33371
2.98355
4.75436
3.3214
2.98882
5.38058
3.86219
0.278562
0.81282
1.42096
5.88795
4.90784
0.418514
3.08315
1.13113
4.30919
4.59015
1.74674
2.40457
0.127641
2.69302
3.74432
4.75616
2.16748
5.21824
2.33499
5.69177
0.0140612
3.84927
3.03459
1.78353
4.95906
0.469797
4.20462
0.0967356
4.77413
2.55954
3.57016
5.53974
2.20713
5.60712
3.69076
2.95269
1.34238
4.76074
3.75508
3.29696
0.670145
3.65906
4.2521
0.0832899
4.98549
4.81664
0.680279
4.32923
2.08682
0.434167
2.26184
1.41018
0.791391
5.68915
6.24838
5.57884
5.93035
1.28072
5.07855
4.43327
4.00591
2.98278
4.28678
4.90202
3.18565
2.17165
6.2491
5.13463
4.51518
4.6409
0.177484
4.74741
5.80227
3.67064
4.14823
1.10002
2.87059
3.72755
5.54618
3.62897
1.21451
4.56575
0.075443
5.04974
3.93602
3.30819
0.8841
5.62405
5.39418
6.23555
3.6086
4.50032
6.20179
1.6825
3.37508
0.333926
1.40395
2.79854
5.44165
6.0942
3.00448
4.68746
3.63239
2.18362
0.0324746
5.44625
1.68953
2.19881
4.03475
3.95073
5.48532
4.82762
3.09913
5.75098
2.42845
5.65217
0.565548
4.9887
2.2587
5.2711
4.72542
0.732756
0.39277
3.94571
2.74832
3.34301
1.76291
4.06724
3.40776
2.98332
0.797388
5.94315
2.68053
1.24112
5.65881
5.25607
3.41294
2.13701
1.97237
5.73753
2.64797
0.591069
0.380474
4.63221
4.89898
2.27982
2.09897
3.53534
4.63713
5.87326
3.11379
0.743596
0.3645
0.0488047
3.4465
0.61175
2.39893
5.85538
4.06905
2.41592
2.37619
0.7372
5.95584
2.42115
2.32651
1.36031
4.53267
3.21883
0.603576
3.23739
4.68028
2.24445
4.52745
3.52053
0.804593
1.37619
1.25576
0.399111
3.69232
4.02422
2.92046
6.21158
2.86444
0.807402
4.61654
5.39461
0.902652
3.26655
4.6994
3.16767
1.65164
6.25523
1.39551
5.43852
3.69519
2.02113
2.25263
3.69248
0.543593
0.417376
2.80937
5.30431
3.76298
4.12612
0.159258
0.0100865
6.1616
4.80952
0.342755
5.28255
2.34084
3.49235
4.71912
1.64322
2.93657
0.587761
1.33483
3.51429
2.68345
6.26778
5.03307
0.223708
2.514
4.71389
1.6629
0.817745
2.51832
1.94094
5.31252
3.5389
1.73944
5.33214
0.253164
1.2088
2.70683
3.51142
4.78774
5.08062
1.49362
1.92862
5.63706
4.12091
0.608534
4.89146
1.60851
3.95511
3.7406
5.05385
3.98112
1.04044
0.560216
3.33596
2.65205
0.0576308
0.989933
6.21455
2.49276
5.77973
1.85975
4.18449
1.05215
2.65297
3.05205
6.12757
4.63216
4.04939
4.92903
4.65527
2.91752
0.744313
6.13802
4.4343
2.34133
5.36589
2.00185
4.92058
0.884062
4.98581
3.95563
6.22627
4.73919
5.84508
0.727378
4.24557
3.46832
2.92228
5.3052
6.10687
2.26806
5.47074
4.81767
5.45049
3.76554
3.13957
0.568061
3.23626
4.54586
5.02334
0.120116
1.8908
4.63542
2.3139
3.04507
1.90367
1.08252
4.04586
2.11922
4.64904
4.97079
2.89979
4.46201
3.20343
5.72078
3.84535
6.19341
5.38991
3.45556
2.0711
0.139468
0.411348
2.02021
5.56878
0.229619
1.32277
1.80205
2.09777
2.25914
0.0276021
5.23599
5.27022
2.54819
1.21834
6.05448
1.43335
0.620487
4.718
1.69428
0.440961
3.36384
6.16609
4.8194
3.08112
4.61574
4.51264
5.82002
0.40943
1.20985
1.59925
5.44545
0.87851
5.91627
3.30437
5.68967
2.55422
2.07503
3.28542
1.4865
1.70621
6.15031
3.57106
1.7815
2.37311
5.5075
0.643013
0.0359844
1.60357
2.64585
2.68413
5.25654
5.11182
4.30665
5.81456
2.89793
4.60043
4.82646
2.44858
4.63037
5.35069
4.07406
4.86809
4.69729
5.42847
4.48815
2.77488
3.66579
4.38054
3.67599
6.0342
6.25931
0.770703
3.55223
5.81355
4.81773
0.213735
4.54548
4.90676
1.03809
5.03835
1.09944
5.71093
1.63546
4.57697
0.0161846
1.83769
4.17854
1.5428
5.44626
1.93216
2.2456
5.01907
3.8235
3.43417
0.709783
3.8414
2.7257
0.219698
4.23687
1.81747
3.73445
2.152
2.62458
3.34128
4.13041
3.22687
3.83795
1.32091
2.08386
0.982529
1.15538
3.47534
1.56121
0.718457
5.1049
1.13971
3.9816
2.77373
3.21022
0.415723
0.158606
1.61467
0.64759
1.56738
3.78086
3.13687
5.44486
3.507
5.93036
1.40695
2.92657
2.16418
6.23574
0.554316
4.71549
3.41624
0.959693
0.625197
2.2069
1.67783
0.37976
5.1941
4.86856
6.23035
4.17113
2.66828
2.64808
2.53243
0.256935
1.75775
5.20408
3.01977
3.91931
5.25947
4.0098
5.5139
1.48543
2.49357
0.609248
4.32702
2.64446
4.45637
2.61213
1.4982
3.54562
1.57696
1.52605
0.289746
0.300418
3.7336
0.456477
0.246117
2.15266
1.22029
1.02274
4.73661
0.303902
5.73832
3.37391
5.91905
6.15496
6.25648
3.51151
0.00968898
5.7631
5.06059
4.21091
5.25757
3.51003
0.241678
2.95155
1.00777
4.45877
5.19571
0.632476
5.15805
2.19126
2.78274
3.73505
6.04715
3.99143
4.67338
5.6315
5.0733
4.14095
4.3547
2.9293
4.04411
4.13596
2.18105
0.796902
4.05608
4.31149
5.55722
0.618945
3.93056
5.73213
6.10236
1.87825
1.09277
0.41571
6.22601
0.434595
3.18503
4.35222
5.14659
4.43806
2.73194
4.39684
1.20145
4.97311
4.1385
0.913567
4.50197
2.42406
1.01058
1.37767
0.937719
2.00975
5.80166
6.05257
0.829285
1.68392
2.16988
1.48441
4.29481
1.64113
5.52615
0.0417343
3.99431
2.86152
2.13912
6.00429
6.15778
3.53608
4.46653
3.68057
1.37211
1.68171
2.66983
3.66046
2.6028
1.75048
2.39952
3.22354
4.40324
1.91843
3.95674
5.97678
2.49115
3.90169
4.3578
4.72612
6.21025
5.67371
4.44878
0.755616
1.32004
6.26746
5.85483
1.16727
2.2734
0.937999
0.438176
0.534047
3.34038
1.4811
5.20304
4.40341
4.83246
2.6862
2.30607
3.42212
5.49587
6.25798
3.57575
5.23169
2.06536
4.23717
0.439006
1.91564
1.08663
4.02452
1.68897
5.43859
4.96773
1.61198
5.73683
3.36647
0.233014
1.83627
5.45195
3.17521
2.70986
4.0178
1.83537
2.88073
4.41001
2.65486
3.35989
2.65368
2.36447
4.83483
4.90894
0.0310923
1.06448
2.49942
4.71244
2.4814
3.35444
5.4064
4.20019
0.945686
3.96766
1.00809
3.4376
1.82853
1.00138
3.74224
1.084
3.82356
4.38378
1.50289
0.664479
2.67982
1.90436
6.25282
4.8245
0.948155
1.47903
1.71046
2.1388
0.671903
1.79304
1.46308
3.81932
2.33791
4.53728
5.30024
4.35267
0.244563
1.16866
0.504655
5.71356
1.83997
4.83979
0.204492
0.00106707
5.36787
3.89911
4.99285
2.85893
2.56409
4.5805
2.85132
0.222614
2.98443
0.67423
3.19609
1.68007
0.298572
4.12266
4.89504
5.26977
1.30231
3.61095
6.20982
4.80712
4.01999
0.809489
1.98241
4.85217
0.892023
0.545119
0.926447
1.06226
2.89931
2.6197
2.94559
1.24571
1.14044
3.72553
3.01467
6.23088
0.512331
2.7815
1.76387
1.2896
3.54253
6.18695
3.67017
2.47026
4.60761
6.14261
6.10411
6.27083
6.03901
5.39166
1.53599
4.02807
4.79162
1.0939
0.587747
1.09978
5.08114
3.9813
4.08356
1.09103
2.58046
3.3103
4.88136
1.43156
1.87305
1.63912
3.13312
5.22233
1.93865
4.58814
5.53996
5.94538
2.48221
4.42333
0.332788
1.12491
0.220167
5.83937
5.15538
1.37871
5.88299
3.17096
0.288151
4.89508
5.89636
1.64472
3.12724
0.680502
1.79206
3.88146
3.5898
2.57442
2.30624
6.27596
4.21118
3.46116
2.07034
6.15295
3.92756
5.70933
6.18085
1.70774
0.472233
1.15353
3.7571
5.90268
1.15028
5.67085
0.400644
4.33726
5.03485
5.14934
0.357882
1.90932
1.79478
5.64809
1.09377
4.73735
0.0847148
3.80114
4.5347
5.93774
6.11019
1.50096
5.93456
2.91814
4.85357
5.71749
5.17309
3.60789
5.12977
4.49326
0.617235
0.328211
5.88944
4.75512
3.47456
1.0776
3.04477
3.24502
0.947069
2.08262
5.23783
4.79801
1.68853
4.18313
3.27709
5.89514
0.0830632
1.17638
4.51123
1.033
1.20103
4.07873
1.70631
1.4889
4.3015
0.924013
4.14089
3.39314
2.36439
3.37514
1.34195
3.87399
3.76301
4.6189
1.04
5.79648
0.713901
3.93292
1.5366
1.72689
1.73343
4.93298
1.93888
2.11017
3.3856
1.23954
4.14417
1.87466
3.47285
3.67897
5.93485
1.53209
1.42112
2.36995
2.6013
1.66559
1.91585
4.69555
1.24906
0.901037
1.24885
3.63289
4.21752
3.2511
2.62236
3.77186
2.53768
0.535147
2.9713
6.14519
5.57095
5.28732
0.978107
2.23162
2.46565
2.57203
6.12081
4.22219
0.118425
4.88267
4.64514
2.24631
4.40315
0.335153
3.18916
4.56584
1.49654
0.717729
5.43271
0.356116
3.65118
3.74868
2.51877
3.16592
3.52587
2.55253
5.11189
5.53872
3.79943
0.958613
1.32724
1.57889
2.5894
2.76338
5.07097
2.63803
3.17482
2.46394
5.28523
3.4624
4.05809
0.406493
2.10819
1.46316
5.268
2.98658
5.37163
4.25023
0.0977887
3.62259
0.756448
2.73241
6.16668
2.17119
4.65885
0.244209
1.50335
2.19095
3.77199
4.78987
3.2413
1.23561
0.968115
3.93402
1.0822
5.02085
2.25696
1.05437
2.16133
2.32042
5.91765
1.45581
1.12949
1.773
3.93558
2.15245
3.9601
5.93368
0.63557
0.602002
1.91295
6.25105
0.302449
0.155121
5.87248
2.46848
6.23508
2.08415
5.87776
3.18946
3.46663
5.98038
0.171505
4.78496
2.38036
1.62436
0.251716
2.00639
5.84948
5.56847
1.22684
4.31985
1.56012
1.23521
0.490933
1.29194
5.14818
5.99986
0.73958
1.98391
4.97177
0.531721
1.94677
2.86793
2.91952
3.00084
0.0218596
2.96902
5.56105
2.20474
3.1245
4.85229
2.95961
4.55279
2.06607
3.59719
1.21079
4.86875
3.18393
4.67561
5.51781
4.33816
1.30784
2.3402
5.34374
0.38735
0.808242
6.15485
4.46618
4.16337
4.26362
5.28964
2.19036
0.145082
0.524177
0.822416
5.61853
0.662824
0.00161417
1.99665
5.47622
2.72586
2.78459
3.4797
5.70049
2.05201
5.96172
0.690613
2.08551
3.53205
5.87355
1.61848
1.8541
3.58272
3.0025
2.70553
0.367817
5.5346
3.73894
2.14988
4.76466
0.364158
0.580537
5.58466
3.13455
4.1618
2.98969
1.13837
0.290237
2.26759
3.83087
1.67631
6.17232
2.71055
3.20203
1.05149
4.01783
2.27105
5.54984
2.29355
0.393976
5.3562
2.51791
1.20397
3.20995
2.18301
2.41278
6.26951
2.68199
0.647012
4.42227
1.28154
0.0261885
0.326872
2.23958
4.3614
2.40436
2.97097
0.611044
3.09403
1.65209
1.32684
1.24098
3.18326
6.03939
5.4039
6.1272
4.68503
0.438556
0.636912
4.31338
5.78613
2.68588
3.25539
5.67901
5.50788
0.83867
2.3398
4.82314
3.09938
3.62073
0.92565
0.225229
2.95059
3.67866
0.751761
5.64164
5.74288
4.62432
4.28295
3.32336
4.45025
0.304308
6.27707
4.03875
1.96531
0.337678
1.64512
3.44215
2.85323
0.882987
5.75856
4.27852
4.37609
4.22556
0.188277
3.92118
5.27511
3.06466
4.45997
0.391672
4.34006
1.91963
5.36984
5.56731
0.64793
1.00363
3.96057
1.24826
0.0299758
1.1484
5.45286
5.88225
3.40632
3.95907
1.18427
5.22354
3.45143
1.83565
1.25879
1.06069
1.57724
6.16222
2.69411
3.25211
0.808387
2.31092
3.21233
4.45493
3.51683
1.43204
3.77044
3.92217
3.07148
5.96781
2.51722
2.15226
0.816669
3.28488
4.94196
2.16631
4.34527
1.55734
4.82605
1.73747
3.71454
0.52899
0.0348271
1.00239
1.92698
3.26742
0.44091
2.49222
2.97866
4.16384
5.76034
2.73529
4.18856
0.379895
1.18159
4.17053
5.17074
1.83687
3.04498
0.507954
4.61969
1.87276
2.9568
1.30325
0.455788
1.22004
3.09693
0.251044
3.27998
4.2257
2.45562
3.57143
1.82059
5.83104
3.40303
5.23075
5.17676
2.51255
5.36155
4.43663
3.87616
2.57495
4.90417
1.5679
0.0869557
3.76543
1.40523
5.55534
0.445843
3.7196
3.96967
3.44051
0.530057
5.39129
1.65456
5.03214
3.57016
5.50571
2.0554
0.0849378
1.26613
4.99518
4.35984
1.27437
5.17267
2.83758
1.87976
1.24985
1.51182
6.19042
5.46364
4.84522
3.49179
1.5937
0.0313077
4.68392
0.660702
2.03665
5.52441
2.09619
0.831929
2.13887
1.94233
3.54452
1.86205
5.24032
2.59916
3.34711
1.51562
1.02234
4.15676
6.13845
5.38149
0.196747
1.77536
5.91092
1.34389
5.05586
6.27478
3.16172
2.12355
2.03713
0.994237
3.15437
4.18064
5.41781
1.2353
1.96209
2.64915
1.65739
2.45612
5.75005
5.76624
1.41413
4.27483
5.1548
4.17086
4.37504
5.38596
6.24384
4.81521
1.86488
2.46037
1.71784
0.49576
0.735516
2.78859
1.61304
4.72336
3.81344
4.04322
1.76935
5.48136
1.20527
6.18287
4.15261
5.60126
5.77279
4.65208
5.87382
6.12882
0.455882
2.80208
2.05217
2.3523
1.34504
5.40418
4.68579
0.55169
4.55799
1.58341
3.02509
5.41194
3.06261
1.36345
0.673918
4.23383
0.826429
3.94459
2.80588
3.12812
2.90475
6.01965
0.47345
2.76909
0.464117
2.97317
6.18533
1.52078
6.06463
2.44642
6.07669
4.03788
0.0222489
3.22939
2.23343
1.50739
0.961541
0.270263
5.8562
5.38839
3.13512
1.17271
5.69873
3.95422
1.28514
4.02641
2.0093
4.54457
2.22096
5.52101
1.46226
2.61043
4.34481
0.0202556
1.14419
3.81096
0.0129266
3.62954
4.44336
3.81499
4.84999
2.09424
5.80716
4.25851
1.06187
2.59331
5.52592
2.37537
5.75027
3.15895
5.8924
4.33166
5.24692
0.504813
2.09484
3.37001
3.07282
3.33822
2.89128
5.89913
4.31056
2.51613
2.83665
5.07657
2.54831
3.2076
0.387949
4.58813
5.48233
4.92569
5.18751
1.04327
4.08258
3.51147
5.64702
1.88443
4.30472
4.77117
2.96486
4.70413
0.970595
1.63717
1.76807
2.84716
5.7217
0.540548
5.79355
1.75081
1.74529
3.2177
0.543018
3.31299
6.04841
6.22245
3.43472
3.68351
0.463982
0.711831
0.551036
6.13046
3.0175
3.4883
5.71765
1.56406
4.59094
2.44702
3.56853
3.22562
1.70744
1.70028
0.62184
2.33006
4.43517
4.46776
5.64349
5.51172
2.49695
0.821853
2.44944
0.272644
1.89017
0.302023
5.56665
1.99803
3.60716
5.38343
1.4541
3.72481
3.53746
2.60307
0.0254758
0.915016
3.72453
5.12787
3.96866
5.23108
4.42895
0.518641
2.02328
0.734263
0.589091
4.83544
2.54338
2.10649
4.35462
1.50678
3.25786
3.1887
3.24281
1.48401
3.73349
4.89798
4.30982
2.58918
5.21174
6.05824
1.84983
0.838184
0.4518
3.31742
5.17551
0.375643
5.11315
1.5377
1.29973
4.22274
2.97683
4.92259
3.29426
5.5021
4.16566
4.93254
0.934742
2.23937
0.749727
2.87945
1.78663
0.500528
5.46581
3.68534
6.10909
1.88189
5.67251
3.18409
1.04598
5.78248
4.17728
5.57047
3.50677
2.04892
4.29285
0.166425
1.08213
3.82561
1.26749
2.66939
2.47482
5.83604
5.77953
4.80826
4.36025
1.90846
6.16279
5.91297
4.37266
3.14581
4.97274
4.13
2.58589
0.238488
5.8812
4.54828
1.67892
6.14983
1.85227
4.18097
4.68746
3.61395
0.131089
4.104
5.48521
3.02336
1.50958
0.00263728
0.342492
0.859936
1.62423
4.27233
0.842932
4.86629
5.87496
0.263244
0.982714
4.26292
5.98223
6.10226
0.319077
3.17471
0.554249
3.58875
3.88534
6.08208
0.308068
0.348891
1.60346
0.798903
6.27947
0.353795
2.3453
3.02067
0.234591
3.22001
1.58512
0.467775
1.62875
4.91607
0.578493
2.64505
1.76483
4.91374
5.3684
0.0917058
1.91927
5.4978
1.06554
1.44097
2.91584
3.9111
5.39321
2.40718
0.0458547
4.13078
3.08952
1.2792
4.79657
2.67126
2.54913
4.41703
1.18911
4.78018
3.63889
4.59052
1.70297
1.83389
3.08134
2.09416
4.40647
6.00299
3.1856
1.39725
3.37713
3.42175
5.63185
4.52495
5.39714
5.63575
1.01724
0.153319
0.731905
4.92826
4.32184
3.46195
2.77155
4.1704
2.98232
2.92898
4.90698
4.86333
6.25102
6.01546
5.30323
4.3412
2.16513
3.49487
3.1412
2.84722
0.447532
0.690559
1.17922
2.01506
0.808749
2.109
2.48126
0.957579
2.7997
5.99332
3.93189
3.0837
4.09527
3.13171
0.420908
5.61692
4.99175
3.23121
1.35548
4.93104
0.787792
1.75137
4.8989
0.878446
4.83915
2.02441
0.795215
0.842118
3.74907
2.77009
4.84629
2.63136
4.21211
0.346573
0.33948
0.511945
2.58619
5.24539
6.17055
4.41194
3.54994
5.06502
3.14279
4.40577
0.456409
5.37793
3.24737
2.83498
2.06457
3.40397
2.12358
2.58012
3.76045
5.62974
0.503447
4.26067
5.93094
4.89415
2.80123
0.343663
1.69558
3.4249
1.96856
4.67731
2.67416
0.903435
3.85377
3.31631
5.40715
4.20568
5.26752
1.11171
4.6236
4.73434
6.02355
3.09049
4.97239
4.60587
2.04159
0.4513
1.19407
0.277789
0.396722
1.24269
0.547859
2.99757
1.59463
3.22852
0.157003
6.09254
0.282953
5.50363
4.81433
5.92352
5.84029
1.77294
2.87533
1.61053
0.150281
6.21332
0.670719
0.733845
6.12916
6.23748
4.63906
0.698431
1.54781
1.61147
3.44643
5.79579
1.56552
4.03224
5.654
6.10232
1.27203
3.61954
6.05542
4.72542
0.720463
1.11881
4.56566
4.86869
2.13784
3.39782
5.56796
5.19106
4.08852
2.85058
0.442097
3.59729
2.86635
1.61854
2.96014
0.742286
3.47315
2.44645
0.37224
4.46658
4.54009
2.30829
3.0981
1.07174
5.15926
3.78164
3.59049
1.62283
5.87427
1.2436
3.38123
3.19501
2.47884
4.28764
0.483126
2.03101
4.85232
3.42427
3.92799
0.273413
2.24691
1.94986
4.52539
0.196768
2.11653
3.45529
3.79261
5.77601
2.12217
4.03404
4.60885
1.8072
0.733257
2.52172
2.53076
3.60065
2.728
1.09063
2.12654
2.03402
5.1857
2.04307
0.348787
6.13559
1.24439
4.08087
6.18115
0.406578
3.53799
5.18738
5.14453
1.17222
3.73923
0.840357
5.55952
1.55233
2.15318
3.55326
4.32196
5.62967
5.5913
1.61825
4.33393
5.72726
5.90508
3.7372
4.45685
4.40798
6.13411
1.44201
1.61544
1.072
3.19006
0.935848
1.98014
4.50539
3.38741
0.31054
4.19862
5.984
4.45861
2.6438
5.95109
4.28974
4.3992
3.06055
4.44522
3.65729
5.97389
4.12686
0.0530735
6.07665
3.43328
4.68999
2.17736
1.58392
5.44579
0.313142
3.955
1.82432
5.70689
2.82627
0.1797
4.28945
5.72023
0.882394
2.07358
4.12123
5.91633
4.4251
4.92143
2.55986
2.67291
5.15849
3.36402
2.9242
6.18651
2.5933
5.46214
4.8603
5.62396
3.98066
5.89801
4.39409
5.14094
3.72471
1.79678
1.50587
0.545755
5.32977
4.38634
0.621083
2.17591
2.38324
6.09919
5.17366
0.725561
5.12785
3.65955
6.19532
6.09365
0.0491033
2.18128
4.64589
2.33294
2.67647
2.18394
5.37661
6.2769
1.18436
0.441953
1.17628
2.86683
3.39777
4.70721
2.44252
3.36244
1.51912
3.221
5.72354
6.20296
2.57356
0.419921
1.59397
4.60183
3.29986
5.28935
3.5227
5.8441
3.11138
4.36216
2.6485
3.22686
3.74064
5.63568
6.21234
3.06471
5.26231
1.46328
0.924754
4.02797
3.04661
2.66501
4.29191
3.24497
0.19165
4.07124
1.41163
6.15941
5.64504
0.0926467
5.16585
1.37263
4.15842
2.73293
2.2561
5.59266
5.66431
3.47076
6.24505
6.17383
3.06473
5.57648
3.94469
4.45844
6.01153
2.10338
2.2267
1.57791
4.92055
0.347076
2.51874
2.63542
3.33952
5.88126
5.62948
2.44137
2.97192
3.99138
3.88722
0.0104471
5.93858
1.37849
2.15669
6.06768
3.40147
4.07169
2.73623
1.20325
3.75629
4.87987
1.5172
2.47669
5.87106
3.74042
1.92276
1.43276
3.1913
2.88594
4.03775
3.98238
3.37611
5.05442
0.936364
4.37292
1.20695
3.12481
3.8296
5.38759
2.25909
5.56274
5.53235
3.58531
2.63737
4.64132
0.983053
3.67832
1.31118
1.84706
4.53219
1.48647
1.09025
2.1144
5.37894
1.45759
5.87652
1.21754
5.16149
3.4324
2.44062
2.87698
4.27364
3.94036
0.889985
3.99088
1.66489
2.74323
5.74909
2.14052
4.55695
2.95988
2.65322
0.838252
1.59186
0.628721
4.88516
2.5412
3.07508
3.7354
5.58727
2.96356
1.76966
4.42056
3.99901
0.156178
4.79765
1.91543
3.79074
5.81627
0.293068
5.86238
2.46802
4.71299
5.43334
4.55596
5.06914
3.38793
2.73946
5.17447
1.76244
2.37211
1.21846
1.81779
2.74107
0.788209
2.47202
2.78831
3.10791
2.45776
1.84905
0.286216
3.79897
5.90982
1.69247
1.32634
5.35759
0.662371
4.94785
0.569182
3.23732
3.46041
1.88059
2.63478
5.19297
4.84557
3.13212
1.03086
2.93104
1.77004
4.48497
5.83563
5.19407
4.38911
3.13001
3.21677
3.68121
5.91179
3.46192
2.23609
2.19135
4.3247
1.41293
3.00665
3.31402
4.56194
5.02333
6.1919
5.15208
2.4534
3.9669
0.7432
6.26708
5.82755
1.28492
0.264119
3.11117
0.726935
3.08211
2.45125
5.55646
0.495877
2.70727
4.4894
4.79613
1.54621
6.12514
1.57075
3.95575
1.95368
5.90499
2.29388
5.9295
5.84173
0.856093
6.14695
3.68212
2.2876
0.938766
0.754844
0.904532
3.44054
0.937369
2.42248
5.92011
5.02613
3.01113
3.23711
6.26862
0.313959
5.11225
5.38007
1.518
3.32149
4.45614
5.1045
0.765895
4.43355
2.33082
4.70807
4.40702
2.67283
3.72004
4.97642
3.13227
3.46175
5.68948
5.4991
3.92339
4.6771
5.37262
1.89819
3.12004
5.34379
1.22209
6.17379
2.3871
1.86488
2.4283
3.20923
2.66553
0.484905
0.500014
3.11228
0.494216
6.20234
4.66364
5.41506
5.20896
3.34485
1.22289
0.753307
0.216663
3.48241
0.948783
5.75307
6.21047
3.08766
1.54007
3.4608
2.27206
3.57811
1.00085
1.18251
0.796051
2.32643
0.128342
1.91757
2.08699
3.35715
0.613537
1.00779
4.70262
0.771668
0.926484
1.67719
2.14558
1.643
5.58389
2.84355
1.67216
5.56604
4.29194
3.72737
2.61509
0.855571
3.65971
2.68228
5.57981
3.28253
3.04761
0.730116
6.2778
3.70921
5.23817
4.14781
0.338706
0.0692929
2.21688
6.01963
0.0438126
1.22559
2.20016
1.5519
1.23824
1.22917
5.8836
0.931974
5.99691
1.45027
2.17329
2.34445
1.32721
1.15221
0.369003
0.329393
0.627533
3.76071
3.74748
1.16876
2.08616
1.86074
1.98302
2.62115
2.25986
5.94742
5.37983
3.69905
4.0611
0.711506
1.37226
4.26598
0.818683
5.7119
5.36981
4.99655
2.16151
5.3329
0.491742
2.32065
3.42745
0.853965
1.79121
2.15392
3.5292
2.02
2.02728
5.13073
1.70165
4.79378
6.09594
0.866531
5.64342
4.24297
3.71292
4.76193
4.76131
0.728223
5.87392
1.57033
3.12525
4.9727
3.53548
0.752087
4.83561
5.37795
3.56873
0.318219
1.31549
5.15454
6.10647
1.94101
0.220297
1.73997
1.77273
5.63088
0.816909
1.03622
5.05398
6.17912
4.03158
0.853587
1.72493
0.32713
0.294573
6.01809
5.55553
3.69126
5.17065
0.45143
3.38652
4.12489
4.5643
0.715729
3.23254
4.85314
4.63704
4.38087
2.86037
1.58602
3.04834
0.344817
2.23795
2.1382
3.24532
6.0651
4.10236
3.01565
3.83718
0.942728
4.5171
5.51774
3.13599
3.16574
0.560104
1.44958
3.14785
1.46654
5.52821
3.17352
5.67615
1.51645
2.30331
1.10935
2.59668
5.64883
0.969493
1.97035
3.24526
5.0435
6.00272
4.89703
0.968969
5.72199
5.28933
3.30668
0.53165
0.760339
5.30445
6.12641
3.93243
5.83294
4.04792
5.27545
2.39937
0.709344
2.74428
4.50136
4.8116
3.94534
2.83498
2.03472
4.38768
4.30743
0.0628837
1.31181
6.20637
3.29267
3.8153
3.83915
2.64108
4.14733
4.8315
5.49085
3.51744
5.4167
1.35968
0.238314
2.9593
5.5295
5.99774
2.80599
5.01598
2.07049
2.52573
0.707277
5.70341
0.854443
3.53778
1.75785
0.69339
4.77638
2.62396
5.53596
1.46556
1.64265
6.02937
0.474907
2.11061
4.36116
4.73288
0.454803
3.52885
2.45151
3.70041
1.85008
5.16746
3.31273
1.6647
5.79732
2.22802
4.7852
0.0358058
4.88623
1.56039
5.66519
5.79847
2.65325
1.46896
2.24324
3.10343
2.66463
4.25391
5.40315
6.21253
0.0508903
0.800269
4.10125
3.14913
4.21508
6.19764
1.16527
0.0237533
3.38032
0.550964
4.92338
3.90917
4.46946
2.67164
2.58585
5.90321
3.6773
2.98919
5.18048
2.29482
2.79672
6.19072
4.17511
0.403896
2.43983
2.18368
1.08879
2.70193
2.68181
3.85433
0.0953641
0.572144
2.75465
2.89858
2.88609
0.335485
2.47951
3.03264
0.355689
2.74878
4.83093
2.06575
4.47359
3.02447
1.34526
2.92848
2.85022
0.607528
0.551925
2.22214
0.335125
2.71359
3.92527
4.8953
3.19691
2.97
3.15659
3.8492
1.85947
5.81405
0.558415
4.4772
0.820043
3.44143
3.3592
3.62681
2.65149
3.30208
5.03993
2.50924
0.0535718
1.88628
4.02723
3.2181
0.884723
3.52595
3.91349
1.5922
0.090547
1.29276
0.11706
0.789654
1.62161
4.22243
4.06606
2.31006
1.40336
5.48398
1.18795
4.14
0.975592
3.94846
4.99544
2.45377
4.04901
4.80158
5.13436
6.13559
1.21902
4.8757
0.574373
2.52107
4.1167
5.29457
3.41651
5.60693
0.491167
5.22895
6.26906
1.4339
3.5473
4.56354
0.638738
3.58575
3.62414
1.79252
5.32369
2.64476
3.24878
1.38277
5.0101
3.74679
2.22524
2.10018
5.04679
4.70252
5.35356
2.10234
3.70457
2.65695
0.71238
3.50435
5.34057
3.66638
1.68458
0.709768
3.59307
1.05545
1.43313
3.08601
5.11898
5.34363
4.82039
0.948099
0.533646
2.87928
5.20299
3.50696
5.24792
4.66526
1.10029
1.2435
1.5628
2.34133
5.4369
1.62842
5.51173
2.71115
0.687426
5.06817
5.80169
0.219384
5.24196
5.10388
2.84442
3.70231
2.38167
4.81591
1.07153
1.55856
0.0653788
5.54766
3.26519
0.750808
2.1955
4.96501
6.26646
1.7203
4.17505
5.68171
0.617214
6.26265
0.44824
0.0242274
5.06587
4.9402
3.93353
5.50434
4.0348
4.7837
6.23046
6.07517
3.56776
2.88732
2.11214
4.95319
2.38415
2.48685
0.769362
6.16137
0.917351
5.2692
4.26937
1.34846
0.182111
0.826074
4.27352
2.04223
4.91988
1.69477
2.32404
3.90333
0.568025
2.62944
3.4381
3.95724
1.73723
5.98926
4.90962
5.26345
1.84745
4.93438
0.389256
1.43434
4.64486
3.94299
1.0762
4.6806
1.31799
3.30773
5.74831
1.6517
0.958191
0.508343
4.86757
2.24846
2.73854
2.29989
0.128243
0.248485
4.25089
4.89122
3.73768
6.12499
5.25113
2.10142
0.761739
3.69656
6.25307
2.72676
5.39225
5.19486
5.14943
1.82869
3.76439
2.76985
0.781423
1.52148
5.17254
0.741125
2.81896
2.99845
3.82985
3.26477
6.17369
0.741524
3.24377
5.08922
1.52524
5.66366
5.19597
4.89173
6.07238
0.651768
2.66447
1.4371
0.705968
2.54274
3.84055
0.970584
1.46161
4.34479
5.91963
3.32799
0.672259
1.494
2.0695
4.59133
2.66372
1.46263
2.66948
4.0601
2.79004
0.780483
4.57549
0.277433
0.691089
3.80243
1.14241
5.36246
0.818392
0.825671
3.78444
0.454808
3.60439
2.71567
1.24855
4.9075
0.960721
5.33158
3.30166
4.13985
4.73676
2.82665
0.407714
3.77754
3.83975
0.0276793
0.250865
0.262483
0.74925
1.14001
2.64124
0.589153
5.87784
4.66731
4.12729
0.996233
5.27606
0.0963616
4.77065
0.567854
6.04064
1.34593
1.61212
1.72275
1.35394
4.32957
1.53271
5.52359
0.993024
1.62142
1.08667
4.68386
5.82748
0.136592
2.33488
3.76786
4.51016
1.94782
1.60353
1.87528
1.44547
3.14917
4.81294
1.39998
5.24625
1.70956
5.79352
1.21565
4.7251
1.62981
3.7513
2.64794
0.187297
0.0237248
2.90245
5.04831
5.09603
2.89141
1.75504
3.64319
1.45752
4.60058
1.1485
0.817951
5.97726
4.25326
0.778347
0.0849089
0.781122
2.7508
0.996493
3.37137
0.8796
5.3857
1.87316
3.49481
2.1373
0.686148
2.44148
4.82211
4.678
1.68966
4.47913
1.96326
3.51091
2.494
1.57503
0.431216
2.94204
4.40546
1.46086
4.20333
3.47029
4.62121
2.28677
5.84326
1.50521
2.00984
1.05066
2.62449
1.77571
5.58459
1.9285
3.55992
3.13966
2.06115
2.49397
1.05491
4.98536
2.70646
3.51045
0.964044
4.6349
6.0407
2.40884
2.80146
4.29282
5.89418
2.84571
0.293747
4.70288
5.1453
1.56998
3.51792
0.89764
0.705943
2.1218
4.0701
1.08646
1.17806
1.2814
4.09352
5.20092
0.157186
2.89368
2.25052
5.98756
1.38104
1.06451
3.06365
0.0916703
1.32194
0.53715
5.22596
0.0388574
5.90894
5.81342
2.55979
1.34082
3.73131
5.92396
0.577907
5.35905
0.171773
3.00159
0.0453976
2.73158
4.635
1.57658
1.44034
5.01364
0.432934
0.400458
1.2009
2.01812
1.96094
2.20882
2.57282
0.431936
2.47117
1.14629
1.44016
1.8886
5.29338
2.1709
6.12765
6.05232
2.86389
4.18576
3.49797
4.91442
4.14541
3.92959
2.00285
2.84524
4.93131
5.39476
3.31727
2.6383
1.48326
3.77983
4.60259
3.44618
1.59525
1.0038
0.499659
3.43654
2.89672
3.07747
6.14436
4.15174
3.60524
4.47866
0.295957
4.15149
5.55462
0.98014
4.99169
2.29935
3.6106
0.401771
4.43204
2.13371
3.16109
4.04846
1.7831
4.1174
4.37426
4.83591
4.12448
4.06877
3.95725
2.01571
5.35148
4.86526
1.08951
2.22988
4.71995
2.98837
4.01605
3.73723
4.98518
5.92848
1.25573
6.07283
1.93713
4.19787
6.00089
5.47556
4.24576
0.361464
5.56341
4.14015
3.51801
2.48273
0.637223
3.26506
4.87656
2.4633
0.740823
4.02187
1.11079
1.68451
5.7543
1.67453
1.41697
1.8216
3.87805
2.83853
5.30067
5.30198
2.22254
0.663357
2.66672
1.56505
2.33764
6.27275
0.611816
3.4994
3.8709
2.13073
3.24091
1.10703
1.2878
4.77125
4.39092
2.16482
4.45364
0.718726
3.33815
1.69359
1.28496
1.02303
3.2537
2.34132
5.26543
3.68762
0.511836
0.744453
2.19943
1.85945
5.5216
5.23797
0.802469
3.38148
1.137
2.41495
5.04472
1.34163
4.71124
1.15283
4.47679
0.247316
3.45134
0.255176
3.61806
0.086446
1.48148
5.28879
0.505998
3.16437
2.61794
4.90912
3.02587
5.98318
3.25169
0.0106368
2.84284
2.30771
5.8096
1.31069
6.16332
2.28412
5.15512
3.28979
5.72752
3.99282
2.9068
2.78972
1.74156
3.29828
3.99447
5.43409
4.64854
2.81514
1.64427
1.76438
3.523
4.55454
0.163616
4.14139
5.55288
3.10241
4.28358
1.4494
0.137335
2.25239
6.07215
3.04957
2.26412
2.14259
1.55908
2.51156
1.30698
0.410022
4.86076
0.778337
6.20179
1.65574
6.16131
0.0241943
4.5099
3.89573
4.72664
2.37285
1.10441
1.31186
0.660851
4.539
2.78133
5.16258
2.90075
1.6765
3.04889
3.28933
4.30525
1.19523
0.823503
5.04493
4.91436
3.1182
5.85943
3.01083
4.4625
5.08951
0.126663
5.10805
3.86308
2.59776
5.03707
4.76032
2.88952
1.37462
6.17601
2.00703
4.01875
5.16191
4.28754
5.07918
2.471
4.45648
4.50889
5.7429
4.85559
1.90927
0.884416
4.64861
4.10135
4.80086
5.61476
0.0851558
4.93067
0.769803
0.993402
1.69208
1.07163
3.19902
0.697546
5.50712
0.553376
1.47363
5.20173
1.24786
5.80751
3.78181
0.122446
3.35256
5.20502
0.00426067
2.49409
3.04107
3.79949
2.07163
2.7491
3.90909
3.13658
0.587207
4.58228
1.43067
5.83891
3.68822
4.27368
4.63121
0.729045
0.844079
5.28214
1.78139
0.45619
1.69953
0.601105
5.69435
5.79792
5.99478
3.35499
2.08735
3.02271
3.05963
1.55465
3.59527
0.257981
0.490987
2.18809
6.05705
0.667893
3.50421
2.92723
0.650273
2.67483
5.90895
5.99507
1.93517
2.63554
5.32465
6.18895
5.82584
3.99442
4.73502
5.01801
4.79271
0.574396
2.90134
5.25846
5.89749
1.79212
4.90979
1.81936
3.94728
4.13816
1.42829
3.42267
2.18577
4.70273
2.67482
5.79895
4.42407
0.118665
2.63337
0.296149
1.08889
4.32537
0.0965142
1.0527
5.59601
5.4578
0.98642
3.72142
3.13593
2.1673
2.17331
2.64048
0.431762
5.82715
0.832665
1.95529
1.47138
5.07132
2.27467
3.45812
1.15143
6.14905
1.27026
5.20595
3.03964
4.9361
4.0928
5.70522
6.21674
1.73075
3.8244
5.93458
3.15432
3.44612
0.517294
4.5233
2.86045
2.9996
4.21235
4.30694
4.47912
1.67957
4.5068
1.94671
1.87278
3.35797
1.83905
1.88973
5.4158
5.07691
1.94149
1.96038
5.34637
0.571155
4.98292
5.65301
2.05336
3.49913
5.47754
6.05652
4.36092
0.565441
3.19132
3.2785
4.45346
3.96533
5.91453
5.56245
0.629647
1.59054
3.57593
2.01399
1.65177
2.22768
5.40633
3.02659
5.46423
2.22961
0.103003
3.29379
3.83952
2.46655
5.09103
0.530943
1.43183
0.233221
5.3285
1.80205
2.06413
2.43603
1.07036
0.732892
2.67658
4.00536
0.0966834
3.89642
3.70321
4.83059
2.73616
6.21316
4.33467
5.57977
2.59875
2.84062
2.6653
2.94718
2.90222
1.29556
3.17148
2.76472
2.47875
2.81555
2.27242
3.28183
3.90764
3.9268
5.42212
4.49803
5.42517
5.61167
4.73567
3.22406
0.555072
4.84638
4.10237
3.0899
1.46252
0.716763
1.76318
2.24124
0.800975
3.40054
1.09871
6.08388
5.57487
2.02032
1.24761
1.65093
0.674028
6.08475
1.34382
3.84611
0.235842
5.38263
0.540846
4.50763
3.41362
0.989158
5.74578
3.0875
5.13129
4.88623
1.63021
4.30588
5.54436
4.43257
4.79577
1.75344
1.86788
2.5886
1.74627
0.778178
3.5293
3.64015
0.616746
4.6818
2.61834
5.31008
0.116309
0.734398
2.85259
2.85239
5.76653
0.00522222
6.08839
5.85064
6.17128
4.08668
3.32801
0.943653
1.22416
3.23674
0.130758
4.81498
4.20053
0.402742
1.88846
3.02166
4.36248
1.73527
4.41778
1.30524
2.56764
1.4865
1.6891
1.2799
3.88112
4.2304
6.12418
4.2647
4.59183
4.78028
5.40396
0.929737
6.08508
0.500815
4.00635
4.11128
2.01544
0.788874
1.08194
0.560377
6.0385
2.98984
3.55923
4.09351
5.09509
6.00482
2.50002
2.15574
2.75112
0.123342
5.83965
3.58597
1.06013
4.72044
4.95755
0.299736
4.83026
3.40081
5.50278
3.09501
5.65439
0.171905
5.22979
1.55497
2.65843
0.580953
6.28308
4.4478
3.03852
4.94458
2.15184
6.25573
3.56464
0.670695
0.334942
5.91215
3.28203
1.05846
1.90587
0.310526
3.96184
3.75693
2.953
0.128106
4.22794
2.47715
1.13303
4.73431
5.62523
0.224825
2.43958
4.19075
5.71962
3.15678
0.808339
1.508
4.78938
1.16442
4.5262
1.28469
2.72998
3.01429
6.19361
2.50129
4.61828
3.27117
0.624887
3.27124
1.84171
2.65905
4.69238
4.52839
0.453048
5.43987
1.20092
2.34489
2.39198
2.19227
0.877151
1.92917
2.36934
4.9883
1.79229
1.41495
5.50885
4.50388
3.12299
4.57404
1.17795
5.77267
2.60441
3.58023
5.11583
2.6541
3.05006
4.06607
2.44741
3.82265
1.74966
1.24964
4.25871
4.45024
0.150982
5.42995
4.18078
1.51851
5.56374
3.43744
5.42064
4.737
0.592745
3.41839
5.78977
0.981609
4.54004
1.47105
5.84775
1.47251
5.30286
4.44147
3.5961
1.73822
3.67095
3.12475
2.87074
0.0133878
5.09798
4.18721
2.84087
0.536875
0.608077
3.49078
3.49245
0.0543201
1.89546
1.21975
4.57439
0.722536
4.55592
4.47644
0.717826
0.785712
4.48307
5.25895
1.64908
1.03776
5.86144
5.50831
1.70885
0.26951
5.76948
5.46211
4.35749
5.78806
3.5759
1.51487
0.969735
6.03516
3.52867
5.61865
2.72638
5.35326
3.38989
4.18274
3.00452
5.31857
4.6124
4.94009
2.01666
2.52284
2.45732
0.757478
1.20591
4.51667
4.53421
3.98356
4.29117
3.29583
0.533858
0.164589
1.64802
2.04311
0.992777
3.7409
3.80353
0.82698
0.650321
3.48222
4.14302
1.49496
5.55753
5.81025
5.89566
2.5796
1.3006
0.0214871
2.99244
3.26255
0.378222
4.47008
0.636141
3.91754
0.540909
5.57295
1.11801
3.71418
0.696979
2.26712
2.18958
5.98306
1.1604
6.04844
0.435488
5.62014
2.51047
1.9624
1.68065
3.80038
4.41655
5.68068
2.10619
5.62977
1.05804
1.01336
4.15169
2.73391
6.25009
2.9933
5.27186
4.90947
2.62745
1.32511
3.53137
0.764226
1.51124
2.71478
5.03217
3.94669
0.383936
6.26483
5.63965
3.77147
2.29649
5.74607
1.6962
1.23047
2.48261
4.86683
2.32528
5.92045
4.42265
1.41563
4.30725
3.4342
1.2482
5.14354
3.49648
4.99677
5.9238
4.23104
4.30938
1.4595
0.214019
3.04294
3.90577
3.79146
5.34325
4.65124
4.29204
5.3017
3.76043
5.28138
1.67406
6.09472
5.44378
4.12063
2.12971
4.9677
1.20767
2.57202
5.96169
0.0986498
5.52936
3.67739
4.42661
5.06164
2.91794
1.55269
1.91261
0.379909
1.4166
1.7772
5.40846
1.13932
3.63955
3.05862
3.52781
3.72304
5.20319
0.658274
5.20857
3.04745
4.2492
1.63407
0.0953711
0.689671
5.11282
2.24965
3.9782
2.3065
4.44272
5.77608
3.41355
6.00605
4.30327
5.64695
0.735906
3.06957
5.28698
1.50414
2.74631
0.903014
3.05681
4.50549
5.06603
1.40341
0.0723137
2.72242
1.58353
5.09917
5.41714
2.56799
1.01953
1.02917
5.87098
2.38354
4.92494
5.09174
6.12498
5.10779
5.66617
3.3409
3.91563
6.14941
1.05526
4.54367
5.88193
4.21309
4.15478
4.33895
2.14955
5.40595
2.91821
6.17366
0.263204
0.302827
0.232513
5.98735
4.23789
0.0688528
1.10308
4.07997
3.69195
4.18626
5.68008
4.70804
3.79987
2.06292
0.836601
5.2706
2.64796
0.388814
0.286713
5.85938
2.20982
0.57301
4.74335
0.428263
3.56534
6.21182
0.651525
4.86508
4.38864
1.55383
2.22071
1.31732
4.55472
3.10701
6.18875
2.48772
2.86551
6.26758
1.5817
5.80821
3.04717
5.85643
2.91122
1.638
3.31356
3.20374
4.69966
1.30464
5.02673
0.572693
5.69577
4.48768
1.08378
0.132517
2.9614
3.16489
5.19527
5.76587
1.42353
5.19163
1.14477
1.02216
1.1726
3.80944
5.9534
5.3285
1.90227
2.52917
1.95628
5.6506
5.63145
4.17714
3.23208
3.40348
0.164676
3.10079
2.17428
0.0379437
3.11791
0.928942
5.29584
5.92252
1.59934
0.710628
5.46734
4.31267
0.267727
0.927047
4.8658
3.92122
5.88252
1.52377
5.94871
1.94003
2.71219
5.58819
5.96737
1.40145
4.85267
3.05604
4.07154
0.186581
0.557482
1.36648
1.41978
4.98243
3.64001
4.51197
0.870856
2.93218
2.11158
1.93959
1.50693
5.78302
0.656321
3.80138
2.38203
4.55287
3.47281
2.97833
4.98983
2.38265
2.38195
3.20185
4.2947
6.11602
5.28059
0.830192
4.36313
0.03647
3.48272
6.18228
0.551717
5.00174
1.56456
0.401403
4.52469
1.12456
0.657829
4.00788
4.70635
0.642748
1.86292
1.06385
4.46858
0.588032
5.88598
3.2242
2.86047
3.30438
5.91642
5.82613
2.6791
2.25346
5.1919
5.60687
5.66478
5.11175
3.26262
1.54966
1.2857
0.824544
3.68784
4.19225
5.86032
5.49643
3.1819
1.94721
3.8641
0.84806
3.07278
2.77188
3.3895
3.97336
2.59168
3.2684
4.38892
6.2525
5.7845
0.338031
1.27964
5.88607
4.73867
3.49381
4.13824
2.81732
0.582048
5.85223
1.50005
3.15332
5.42281
3.60269
5.72111
3.17106
1.99406
6.00977
4.03799
1.84407
4.56127
0.134699
1.94777
0.714057
0.269855
5.28407
2.74964
0.45373
4.32944
5.60427
6.07638
5.08108
2.94288
6.07236
0.352196
0.602292
0.509554
0.0989887
4.94285
4.47287
3.51024
3.69934
2.62505
4.98267
1.47661
5.16764
6.26364
4.49922
0.266734
3.08106
3.71171
3.31445
5.5169
1.51511
5.02442
5.71046
6.27342
5.59747
4.75309
0.827541
3.79094
2.86471
5.42445
5.96407
2.49999
1.65372
3.57246
0.282091
3.58275
3.45574
5.11697
2.97066
1.62813
0.695531
3.07238
2.31564
0.967943
1.0516
5.98943
1.49243
0.773289
3.03741
5.22962
5.03964
3.81754
3.72954
1.38843
5.80822
3.24402
3.00239
0.95152
1.49021
1.22284
0.022082
0.424575
4.41772
0.147917
4.18969
0.410457
5.89346
3.30979
2.59652
3.00491
5.61454
2.75101
4.60876
0.247632
2.48657
2.37851
1.97197
5.40433
0.902141
0.964944
0.904491
2.75337
0.252179
3.49834
4.80834
5.7212
4.67196
0.714617
3.4063
3.53111
2.60823
5.01545
5.76303
3.88857
3.76077
4.64653
0.574247
0.402927
5.0046
5.64864
4.07133
2.99323
3.95954
2.71694
3.63758
1.3498
3.78732
4.76155
4.78055
3.57746
2.62456
3.00852
3.40023
2.08826
5.81438
6.12192
3.98884
5.06083
1.92483
4.73965
1.14133
6.00539
5.79234
0.244376
4.29907
4.18818
0.186697
2.50248
5.85352
4.29314
4.91123
0.76571
1.32449
5.61909
3.78761
3.4357
1.36225
5.6392
2.48915
1.73913
0.224286
5.9512
6.00898
3.29429
6.03422
0.209797
1.19525
1.26824
2.70606
2.99506
3.31796
1.75585
4.68769
1.14189
2.9061
3.62448
1.10284
0.0478576
0.0949758
0.328394
2.68792
6.07526
5.19824
5.3908
5.91766
1.5755
2.1535
2.67372
6.16247
0.615936
3.62495
2.83353
2.87691
3.1621
2.18004
2.75796
1.93262
3.73435
0.522453
3.25778
1.77572
5.71333
4.2277
4.65781
1.54402
0.707922
3.97146
2.07784
0.384995
5.20711
3.67382
1.01707
3.57971
2.6935
5.61192
2.56622
2.75411
0.045088
3.81239
5.20829
4.65876
5.00884
1.38752
3.14628
0.160894
2.37048
5.2605
2.58779
0.834147
1.7204
5.7863
5.47541
1.64758
0.797678
4.54048
2.64243
1.69742
2.93783
2.84047
0.14747
2.96082
6.02052
2.52672
4.75428
1.83318
3.87086
1.36267
0.17024
2.36663
3.44664
2.93982
4.87139
3.48516
3.27232
1.15501
3.53706
2.20285
2.76581
1.9797
3.36809
2.23276
2.83183
5.68423
5.29981
3.4522
2.14346
3.65999
1.10456
3.81681
4.0219
1.61802
0.505057
6.1872
1.52443
4.52121
5.36536
5.54445
5.9145
4.93892
1.26328
1.11625
5.56347
5.2274
5.40608
5.20758
5.37736
0.0205478
6.05535
3.44639
5.13208
5.55204
1.48734
3.1355
1.33085
5.71966
3.86342
2.05251
1.8126
3.54779
0.317454
1.02965
1.48032
4.52686
6.08898
3.28396
2.02913
4.70164
3.09539
5.65915
4.80242
0.533415
5.27694
2.32321
2.536
3.73886
0.874836
0.722627
6.07935
4.73202
4.82
0.666878
5.29369
1.21002
4.42757
2.47616
3.36484
4.16318
1.0451
3.53178
1.4116
5.73847
5.87459
0.208521
4.88229
4.59243
2.33231
4.60585
1.74103
0.709155
5.84533
4.86699
4.96237
5.77571
3.45889
1.60805
2.47659
4.21511
0.378814
1.8648
1.16137
3.5889
0.0547363
2.60863
5.43166
1.45052
0.132982
4.50233
2.19687
2.72729
1.76876
1.81546
1.27832
2.53864
4.07727
2.25228
4.13605
3.64148
4.19466
2.31227
0.857424
3.38439
6.07825
5.04932
3.23913
2.48297
4.66998
5.03986
1.3383
5.21954
5.19166
1.65884
1.62558
1.78859
2.10343
3.1178
5.32432
0.673387
1.59769
4.2473
1.12378
0.169592
4.04365
2.67745
6.02258
5.74372
6.15329
3.40365
3.03401
4.54553
5.75915
1.51573
2.91875
2.61612
5.63109
4.39086
1.25553
2.78708
1.35953
3.96905
5.46986
2.70298
1.63879
3.96068
3.15914
2.71233
1.57072
3.47665
4.63868
0.484776
4.62975
1.20961
3.83518
4.90438
5.02266
1.26383
4.0916
4.32703
2.80496
0.305322
4.47052
1.71202
3.24568
5.86702
5.00459
5.407
1.70451
2.71329
5.17377
2.60255
3.85471
0.236142
4.15665
4.36861
4.2723
0.252346
0.0355582
0.723257
4.10802
3.9074
6.14896
5.94553
5.06397
4.40419
5.30044
1.43421
2.391
4.55257
4.75603
6.12481
2.23811
4.71928
4.22188
1.11491
1.7658
2.30412
2.13929
2.6883
6.09581
4.95068
4.14583
4.78079
1.35516
5.9049
0.766128
2.05905
4.92344
4.98855
6.06821
6.04459
4.91312
1.1334
4.64579
0.660172
5.6865
5.78895
5.99527
5.37768
5.36493
4.73519
1.54653
5.21777
0.581386
0.99906
2.52591
3.68804
1.27103
5.70638
0.624879
3.13301
3.3954
2.61783
3.02406
0.703789
3.63063
3.91672
5.67003
5.47268
6.02535
2.03934
0.378129
2.91194
1.22453
3.22488
1.87244
3.92245
1.49012
5.87742
3.79196
1.09898
4.20585
1.91892
6.01626
6.24977
3.87934
5.71207
2.00577
1.71495
2.1536
4.37649
4.64816
2.78672
1.60251
3.65744
2.24699
3.24959
2.4851
2.73688
5.77107
0.75887
5.74199
2.23387
2.58293
0.787539
3.77904
3.96491
5.09461
4.0615
1.11989
3.8801
5.9061
2.02915
5.08441
2.40513
3.34586
5.63574
0.911512
1.37072
3.55027
4.31387
1.49716
4.95578
1.85468
0.657212
6.20388
5.50681
1.58025
0.181097
2.63508
3.94177
5.66441
5.24965
2.34624
0.032209
0.98199
4.66425
2.99319
3.44679
5.57882
5.5433
5.46575
2.75697
4.21218
1.42399
0.29511
2.47613
2.73944
4.80665
2.37407
2.82569
3.08465
1.19616
3.90525
1.45593
3.04955
1.92679
6.23152
4.99906
0.375871
2.66887
0.032916
0.298743
0.703204
0.086085
1.69805
0.982388
5.07391
1.85668
2.86103
0.0342569
3.98558
0.571756
2.50844
5.49033
1.16022
3.07171
3.52388
0.514585
2.96861
4.90325
4.9769
5.06457
1.92356
2.35919
3.99264
6.16536
5.13792
3.17313
5.48286
1.18438
0.774274
0.751364
5.25927
0.618034
1.19485
0.722064
2.90701
0.0598889
1.24249
3.55327
4.36224
3.92974
4.59076
5.60467
0.164207
1.50228
2.9491
3.67565
0.333549
1.35109
0.405108
3.96791
5.13791
3.04843
1.83967
6.11607
6.19833
0.137409
3.49685
4.98393
3.70233
2.63413
0.511959
2.81652
6.01822
1.49164
0.12189
0.293621
2.58208
5.38578
3.1638
5.63605
6.01583
5.28143
2.49749
3.58309
3.00037
4.7267
3.30712
1.64751
5.99607
6.27712
4.82013
2.81639
3.91011
1.3347
1.37751
4.49609
4.26932
0.482894
4.40349
6.07328
3.27059
3.49419
4.16842
1.1963
6.24006
4.0583
3.93359
0.0937525
4.9022
6.14364
4.63825
5.79009
6.27431
1.67287
4.96722
5.67401
3.1723
4.02224
1.04282
2.89453
3.94648
3.23794
1.31584
4.77795
3.97913
5.29168
4.99926
3.85566
3.54877
4.14853
6.0663
5.35771
2.77442
2.10786
2.13111
3.38287
5.67741
3.74703
6.19274
0.415172
3.46723
3.50836
3.63353
2.5112
1.52886
3.68165
0.665983
2.82721
3.54745
0.849826
1.34563
2.89017
6.05381
2.75818
5.6718
3.74612
3.49499
5.12628
2.32843
2.17947
5.64501
5.87804
1.66593
1.41864
4.6907
1.45905
5.24788
4.13088
4.73736
0.219109
0.614147
4.97041
2.73841
0.159128
4.11135
3.25124
5.03727
1.81928
2.67445
5.87164
0.874362
5.30753
1.26105
1.31246
4.54189
1.18501
5.00106
2.689
5.34913
2.97672
2.92974
5.17669
1.34711
2.5619
5.40339
3.8251
5.19173
2.81365
1.83554
5.78084
1.72454
0.0126677
5.56014
5.67334
4.48174
1.71389
3.18447
1.19242
3.8808
5.12907
5.3405
2.55838
2.88189
5.11353
1.67813
5.38209
4.01937
3.02762
3.98926
5.93038
1.67672
0.515753
3.73998
0.924084
5.33623
6.03556
3.9614
2.54203
4.52129
0.480448
1.00174
3.63581
3.15764
2.7486
1.77262
3.76436
2.20031
4.10735
5.16044
4.63327
3.81898
2.91134
3.81058
6.27306
5.7091
2.32134
2.49415
3.9951
3.57724
5.20603
4.45316
5.27363
3.30732
5.0646
2.41064
1.61646
5.6936
5.72275
5.51168
1.85832
5.33786
2.1584
3.4817
1.58787
2.67108
5.765
5.66692
3.46628
0.00100562
4.33506
5.85843
5.12742
2.67847
4.38441
5.83845
2.36076
5.2765
1.33565
4.72755
5.1179
6.06534
1.77409
3.38101
5.80786
3.42779
0.356605
5.59012
0.687452
5.51388
1.14278
5.28766
0.245546
5.11795
0.620581
0.0103214
3.82551
5.71204
1.42595
1.95333
0.0025245
4.7302
5.53725
4.37156
3.46818
0.554325
4.86129
3.47619
3.28309
6.26524
0.0383118
3.02235
3.44148
4.15037
5.58386
2.23698
4.69678
3.10523
1.46842
5.71366
3.48491
5.28307
4.93971
1.92098
2.83486
0.152709
3.04165
0.996873
3.46932
0.886376
6.1688
0.204155
0.608086
3.63782
5.36475
1.6874
4.18187
1.05664
2.61383
4.89082
3.33386
5.08122
5.3156
5.00306
4.82835
2.66013
3.9777
0.0971007
4.62729
3.85369
1.81929
2.86318
4.87909
0.957467
0.904313
6.0404
3.60807
1.75993
4.21842
5.87823
4.8965
4.60126
6.2442
4.46911
3.21483
2.51425
2.49493
4.59497
0.970264
2.35969
6.20976
3.79068
4.73576
4.8181
0.108592
2.97477
1.60591
4.23827
0.0863998
0.705951
2.25743
2.69546
0.831856
0.908281
3.61901
3.39883
3.62416
2.09799
6.03205
1.51543
4.09462
4.83902
6.1063
5.26202
2.90144
0.776142
0.725654
0.397944
2.93141
1.83047
2.20886
3.30837
3.8389
4.63516
4.21671
2.27166
3.09188
3.36676
5.05133
5.59759
0.625769
5.52843
0.60493
0.856816
5.7289
2.12937
5.53489
2.33263
3.78438
5.75632
4.30267
1.77918
1.04383
0.934261
0.444013
4.37858
2.19366
5.43324
3.0134
3.75674
6.00581
0.25139
2.81532
4.71104
3.98961
5.5708
2.76684
0.344328
0.306485
5.16012
5.60354
0.0132165
2.21881
0.810029
4.77851
0.755379
3.61301
3.11153
0.587861
3.01262
3.12343
5.8124
4.28136
1.79957
4.42388
3.23821
5.87801
1.12299
5.76209
0.67975
1.73484
3.46931
0.810991
2.10088
4.33247
6.19602
5.32061
1.19
0.937213
6.06927
5.06914
3.34136
5.46457
1.66694
5.89882
5.3216
5.27521
4.63736
3.46434
5.22605
1.50332
1.67953
3.81599
2.93413
3.484
2.6225
6.14836
2.2752
6.15238
0.731818
3.47515
4.68852
2.59946
2.07161
2.46222
1.4495
1.87084
2.06457
3.55144
5.15099
2.95938
0.566995
4.17798
4.64155
4.80608
5.39867
6.21312
3.70598
1.1148
6.28042
3.83376
6.25218
0.476649
6.2611
5.78549
4.39953
2.45889
2.01341
4.45975
2.95131
3.25398
0.722044
2.56353
1.37025
1.85086
5.61936
1.97995
1.2285
0.779098
0.138001
0.884293
2.57119
4.44442
2.90056
4.77612
4.57944
3.98954
4.24531
5.27333
4.48206
0.844916
0.505005
5.32163
5.74581
3.48523
4.36242
0.713226
5.16304
4.44045
5.1793
1.27122
2.64585
2.69171
0.587
1.11081
1.99519
6.10456
1.13685
6.139
1.96866
0.00847864
4.27038
5.72341
4.01199
4.6712
0.450518
0.609846
1.81045
5.01801
4.83146
4.66963
5.52139
1.59099
4.77018
5.18403
5.35689
1.47628
5.74156
1.23534
2.68264
5.30826
0.933484
6.22844
3.47761
2.05261
3.58033
0.534428
3.45982
4.51646
0.956615
5.43685
0.81025
2.20854
4.21063
0.556139
3.92905
5.53187
1.92637
5.54884
4.26444
0.202953
5.53973
2.07003
1.03703
6.03037
4.73355
5.39467
1.88172
2.74732
5.34006
1.43431
4.13788
2.97164
5.53178
0.390061
2.38477
0.359594
5.55986
1.05334
3.81111
2.49536
5.45556
1.09992
1.15066
5.82815
5.22103
5.21853
0.794197
2.57712
3.64117
5.22355
3.48934
4.44716
4.85091
4.95156
0.0915162
5.01574
4.39936
5.7949
5.44242
0.100635
1.20235
1.12498
1.47028
5.54814
5.14596
0.145031
5.93771
5.5613
0.0885552
5.51606
0.0732825
0.154355
5.57651
4.46933
0.54189
3.20409
4.22871
2.81516
2.05266
4.41167
5.42178
5.11592
4.134
0.723607
3.70272
2.92317
1.49794
5.37325
0.0415383
0.700259
0.839505
3.81222
2.25708
3.14856
0.90333
2.09333
2.98446
1.19405
6.24945
4.84592
2.75244
3.38418
2.49209
0.925818
3.05483
2.62013
3.9391
4.81001
2.45214
1.65567
4.88386
5.75031
3.78696
5.06989
3.29852
1.60792
0.318762
4.15428
2.15606
1.69868
5.18798
2.65864
4.04579
0.958407
4.13993
6.10657
3.55944
1.29902
4.77076
2.35795
2.08287
3.2343
3.12481
3.76946
6.19991
1.59742
6.00815
1.92372
4.9231
5.55549
3.0608
2.36847
2.8652
1.16641
0.299991
2.83185
5.99973
4.96334
3.22441
0.253771
5.134
0.112693
2.80055
1.48364
3.91604
0.439839
3.35555
5.14004
1.21412
4.20084
5.60634
3.12753
5.53236
3.72354
1.08368
4.68255
2.65137
1.21974
4.41679
3.3702
0.0630819
4.64186
3.74006
2.26734
5.87797
0.474825
0.738144
2.98096
5.08133
0.924899
0.17617
1.50344
3.60467
1.13224
4.14527
1.56144
4.53622
0.0736889
0.702397
5.36573
5.60124
5.31099
2.94702
0.284417
4.97655
5.37482
1.25818
3.33399
0.979074
5.91576
0.999761
1.74519
1.56234
0.815945
3.67766
2.65931
2.80746
4.54628
5.80147
2.83297
6.02169
3.27193
0.912689
2.30541
4.8301
0.685094
3.58083
2.72101
3.06455
2.66348
3.72167
1.01478
2.76617
1.69114
4.08477
2.65249
1.22542
5.62188
0.39647
3.28845
2.16426
1.32487
5.73828
2.69059
0.583976
0.553136
3.72917
1.41587
2.16574
1.16389
1.89321
1.05138
2.16321
2.59979
1.43607
2.35811
4.68942
5.06898
0.710231
5.08197
5.32144
2.54386
3.78973
1.31539
3.57402
1.35608
2.50234
3.52594
3.80225
4.49204
5.24754
4.64422
5.64946
5.27786
5.29776
0.502849
0.494255
0.580108
4.65994
5.98768
3.42719
2.87008
1.41404
2.80594
4.11638
6.14014
2.25075
3.5629
2.91467
3.12044
5.83612
0.808272
0.38898
3.06837
3.96225
4.25978
3.47592
5.02181
5.85878
4.65111
2.06768
5.42542
3.43908
1.63671
0.46004
3.58248
5.34218
5.58711
0.284828
5.60573
5.39872
0.811637
0.391855
1.13633
3.74745
0.796261
5.86395
3.68088
0.25672
4.43182
4.67363
3.66683
2.86511
5.77078
2.1844
0.534087
4.01736
0.731704
1.54918
5.88855
2.36039
5.26933
0.19009
2.98579
4.7018
5.73709
1.52178
4.00769
1.43654
3.94968
0.478776
4.31934
5.57012
3.9047
4.72541
0.519388
2.01092
0.35491
2.2273
5.37221
1.36136
3.27186
5.95869
0.0484106
3.10661
5.84567
4.26617
4.01429
5.60611
5.44435
1.09358
1.40076
5.72701
1.7131
2.46909
3.91083
0.966074
1.05297
3.86885
5.30745
6.22095
3.31127
2.41051
5.74
0.185888
1.48449
5.53371
1.40887
3.76993
1.49581
1.09009
5.73759
3.66003
1.71713
1.09133
1.35468
4.16079
4.7869
3.51423
1.74298
2.11964
5.336
2.21062
1.4244
0.978922
3.37014
5.29319
5.38495
1.93066
2.31399
4.55605
0.405866
4.1282
3.68523
4.24862
4.39091
2.08004
5.89157
2.83254
5.14251
4.8935
4.5168
0.363808
0.974335
1.669
2.68585
2.69751
3.81789
3.35665
4.69814
0.804763
4.24528
4.85131
5.37868
3.32756
5.93725
4.01201
5.06887
5.13836
4.25561
2.46149
1.8051
3.09064
1.21269
5.38922
4.5443
3.89964
1.29663
2.34222
1.58154
3.13189
3.39828
0.706351
2.70117
2.53715
4.23269
0.670128
3.36627
3.14632
0.874416
6.22399
4.21263
2.67208
3.67801
2.33485
3.38224
1.24709
5.35999
3.27275
2.12237
0.955759
3.62744
0.684201
1.13348
6.11527
5.33312
4.13985
4.79553
4.00574
0.0832505
4.3236
1.68366
4.15088
1.62259
1.79141
5.51948
0.876179
4.43184
5.0035
5.90039
0.354981
3.41512
0.944277
5.4238
1.3488
5.91232
6.0749
5.38555
5.70264
0.525678
0.91606
2.41853
2.31826
0.892107
1.96203
1.74218
1.13611
0.0398413
3.59471
3.51104
4.66108
6.21696
5.2752
4.52957
1.38567
3.42361
5.51772
2.77416
4.07652
2.16885
3.03501
2.51116
0.827587
4.5588
2.62948
4.02396
4.84447
3.50789
1.9534
1.06976
3.25123
4.92343
4.89817
1.25243
1.00182
4.91976
5.99544
1.8373
4.0028
0.953067
2.35334
6.21177
6.15165
1.04655
2.76035
4.41455
3.56852
3.16406
3.68469
1.58804
5.46011
2.17561
3.57499
5.09697
6.02912
2.50145
1.01722
6.19648
0.506062
4.23976
0.103971
0.71692
4.40651
0.244843
5.88086
5.15476
3.42399
5.65727
4.54631
0.0976096
0.613008
4.67898
5.51631
4.24795
5.81252
0.00852896
5.11618
2.26738
0.314599
3.30316
4.19833
1.22563
2.86225
1.70759
4.1917
2.89658
0.719355
1.34971
2.28174
2.92398
2.4674
0.491859
4.2927
3.80392
1.10677
3.33839
5.70092
3.02811
5.97994
5.24264
4.0234
1.63383
2.17881
0.785199
2.14375
2.15844
4.06673
0.991381
5.4138
3.00429
1.46865
3.19886
4.33514
0.901531
3.27818
5.38744
5.97222
1.22132
5.80529
4.27336
5.4843
0.350447
2.6178
2.5124
2.8986
3.16958
2.31688
2.88592
3.77412
2.88859
4.63191
6.1643
6.18182
5.37698
6.19462
0.650824
5.66409
6.08744
2.54411
1.84831
0.472998
1.44222
5.10147
0.100237
0.782946
1.98201
4.50741
5.9862
3.63804
2.81529
4.20808
1.67428
3.48959
2.30471
5.72711
3.35661
4.07731
2.9123
0.995662
1.97414
4.20767
1.06733
0.0418598
6.104
4.33296
2.01052
6.0543
4.77561
2.19783
0.119346
1.50711
2.46791
2.90455
2.70834
3.66796
3.07579
3.08682
6.23896
4.46569
2.20963
3.59971
5.83069
3.87615
2.38607
3.41729
6.09153
2.12801
1.51003
1.26553
1.16735
3.46568
2.60437
2.99318
3.24272
0.0381769
0.754966
2.96475
2.85728
6.21888
6.22964
4.76512
1.97294
2.89326
1.4538
5.02593
5.92841
0.104797
2.03945
2.298
6.04301
3.37959
0.827538
3.74787
1.43778
5.98829
1.0788
4.35918
2.85854
2.24619
2.2582
3.18281
4.76907
5.44483
2.91573
2.09533
5.18695
4.12549
2.20651
1.42749
2.66254
0.509804
4.29599
2.54695
5.46966
5.58437
4.64776
2.29577
0.0249203
4.14521
0.574261
0.633752
1.47583
4.46352
3.46638
1.79573
2.66784
1.63264
1.06763
5.22859
0.321848
5.75902
5.66302
0.758416
4.39319
2.68754
5.99335
4.44577
0.381218
4.57038
2.46493
3.04496
0.10969
2.58051
4.08755
5.42347
2.04557
4.53703
1.12989
2.30939
2.62866
2.79137
4.33047
4.00632
3.64471
1.82359
5.92037
3.13998
1.21666
2.99266
0.732171
3.12925
3.0612
2.79421
1.80947
1.10177
0.904109
2.6243
4.87347
0.841785
4.43196
0.806344
5.67741
3.70626
5.91109
4.20511
2.0789
5.61926
0.384087
2.51128
2.91839
2.82261
1.54305
3.30962
6.08477
1.66493
3.48016
0.881464
5.29065
0.352729
3.2729
4.6787
0.90497
4.52389
0.226207
0.535555
3.55991
2.91016
2.77204
6.20081
4.0698
2.31691
3.44459
0.00930563
5.60334
2.89869
4.71027
3.63911
2.0713
3.56856
3.70738
5.95306
5.88074
3.10585
5.60124
5.3346
3.81497
4.6233
5.93199
3.66752
1.88907
0.703951
0.0684148
0.0238556
5.10011
2.25411
3.57207
6.24063
1.13053
0.53299
4.41654
5.49947
3.88591
3.08123
0.268014
5.74291
5.00243
0.47567
2.37662
1.69108
3.1147
3.62044
2.31749
0.650923
1.02923
0.72574
1.85548
1.54937
2.72111
4.65874
4.69643
3.52652
0.880484
1.39059
4.4423
4.96073
3.37667
1.91771
4.42175
5.13305
3.03314
2.57616
0.0258274
0.540495
4.89327
0.532972
4.11884
3.42746
1.15511
5.16789
4.20848
2.10548
6.20813
1.43702
5.76677
4.01088
4.86409
0.185316
4.42735
5.05193
3.18601
1.95115
0.986065
4.03236
1.47484
0.493581
1.8056
5.27324
2.98789
2.25428
0.0795399
4.79222
4.91323
3.01476
1.53082
5.08367
2.51599
0.396316
0.714316
4.62352
3.387
5.99931
4.15723
1.48545
2.78665
0.390702
0.605617
6.13028
0.012491
2.59172
3.92296
3.75745
5.38821
0.0787757
4.51445
4.83422
0.927925
0.769246
4.21297
2.2353
1.53651
0.276237
5.72482
2.68985
0.814867
4.41294
1.5258
2.39452
0.945096
0.341735
0.705545
1.7231
1.01527
4.81374
2.19231
1.62706
1.62299
2.25099
1.30957
6.19285
2.21663
1.92993
2.53681
4.82063
4.9929
3.73321
0.115755
3.99631
4.99197
0.654357
2.20138
3.22666
0.27944
3.00456
5.98484
5.90354
3.0332
3.59146
5.43384
0.43423
3.31791
0.816663
3.17837
5.50212
4.42117
1.60464
1.72174
3.15725
2.37434
1.06946
4.57527
2.89485
3.10412
1.57599
4.07833
1.17484
3.76204
0.901319
5.98869
1.52377
6.01323
5.56906
4.93759
4.01094
5.90841
3.12589
3.10931
0.985782
5.55993
2.17885
1.52965
4.34647
2.84314
0.952449
4.53012
4.30245
4.31399
3.56063
2.37129
0.035882
6.16653
6.07078
5.28926
2.12177
3.4562
0.346632
1.32356
2.61189
3.67762
2.14426
4.52407
3.2259
0.137293
1.55092
3.64339
4.87219
4.50011
2.61608
4.99728
1.93696
1.2744
5.66761
2.38417
2.93262
3.22012
3.41088
5.0859
2.34757
3.42129
4.23525
5.89138
5.99034
4.21762
4.84661
1.83743
6.09842
4.81333
1.5768
5.1689
2.43571
2.0813
1.83901
1.26526
2.91275
2.36266
5.7238
4.40361
1.81077
4.21803
5.59214
3.23362
4.15769
2.91553
5.04709
3.36147
4.16468
1.1353
5.31029
3.74327
5.96603
3.99456
0.702164
1.4508
4.86028
5.27005
6.00723
5.32308
4.99099
3.09383
4.67181
4.43507
2.82932
1.19774
5.42545
3.98138
5.39863
5.58394
3.54262
1.30268
3.58847
5.36182
2.59041
0.879624
5.79581
2.0312
1.91388
3.03015
2.43765
3.19304
0.751229
2.99247
3.77584
0.324391
4.52257
3.08707
4.071
3.65729
5.89782
1.05464
0.546722
2.73554
2.23372
0.104141
3.57209
0.303933
6.25293
0.502203
2.21007
4.73263
2.54399
6.07433
2.0323
1.48589
4.03573
1.45357
1.16873
1.57691
0.570585
1.67693
3.99864
0.139221
2.54612
4.1606
1.66953
5.35809
2.72445
4.21531
3.78877
4.10401
5.53109
1.29395
1.38244
5.78677
0.793829
2.67528
0.949585
0.381663
5.7661
5.29652
4.66506
4.13039
2.80903
5.87003
5.2264
1.14031
1.46498
4.32081
5.12088
5.87462
0.834316
4.56746
3.54521
0.959928
4.57986
4.72306
5.04321
1.02227
3.14578
4.34532
2.30386
4.04167
0.759784
2.25466
0.148425
0.156769
2.1605
0.954766
5.77276
4.04025
2.14688
4.61194
3.44076
4.75007
0.228809
0.284412
4.89625
0.340682
1.86456
3.48689
0.923162
2.39497
2.10649
4.34591
6.01693
4.87803
2.05099
1.3591
3.01851
1.67954
3.89861
2.83036
6.10372
5.96655
0.172795
1.34173
0.0888286
3.8277
4.84465
0.190173
4.38068
5.96408
2.59908
1.95936
0.711882
1.41316
0.604412
4.72972
3.8283
2.42028
0.260014
3.24767
1.5436
6.23629
3.45088
5.21612
4.26278
3.66572
3.07299
6.25343
2.60662
3.07368
5.2893
2.76831
0.0559845
4.73717
3.40917
1.50377
2.89463
5.55361
2.72266
5.67097
2.28737
3.34361
5.44327
1.93399
1.69849
2.07307
1.84401
3.64662
2.63001
0.320466
1.38979
3.59607
1.25739
2.56202
1.18425
4.87514
3.79557
5.20527
4.17303
3.22288
5.81314
4.20748
4.22394
4.41428
5.21185
1.60582
2.80394
2.00777
3.87244
2.84146
4.23622
3.33541
5.95138
2.82694
5.17341
2.85517
2.16965
3.91625
4.0462
1.58562
2.5207
4.25125
4.72647
5.78734
4.12067
2.89722
5.23032
4.27304
0.129492
2.38681
3.33437
0.957527
1.92124
1.02302
3.09324
1.03566
1.87146
0.0723992
4.15925
4.11334
5.29966
1.00763
2.10247
5.84794
4.77797
4.28863
4.65606
3.61632
2.24672
5.03783
4.9598
0.403985
3.94103
5.86309
1.83823
0.636186
4.68127
6.27989
1.21405
2.9728
6.27749
4.81324
0.0675895
5.00393
0.657927
5.65518
0.838204
0.785302
3.87838
2.13002
3.92687
0.258784
1.41958
1.65528
4.60293
2.90285
5.47061
2.73562
3.50301
1.69622
1.59023
4.55894
4.92047
5.36864
4.19325
3.82831
2.53662
1.6323
1.75348
2.58794
3.26612
3.81176
0.8654
5.48122
5.01846
6.11023
2.26936
2.2242
3.47586
4.01767
5.84851
1.75658
4.35668
4.75319
2.51806
3.82915
4.11988
2.12097
2.6471
4.88074
3.53752
3.64306
5.63436
2.78087
3.67201
1.95049
2.5099
4.89548
0.0929084
3.28128
0.892664
5.04099
1.44896
5.37645
3.58366
6.25415
2.026
2.3759
2.0574
2.29396
1.02158
4.0656
0.944346
0.292528
3.06215
6.25584
5.31677
5.84131
0.166773
0.652189
3.46699
5.67515
3.45606
4.26093
4.02616
4.02444
0.204248
2.16859
5.02118
1.46475
0.451416
3.14837
3.88922
2.07254
5.47468
2.02786
2.21835
5.66072
6.00304
3.91284
3.3598
1.15986
3.27599
6.2267
5.70246
3.78129
3.94116
1.73695
1.24181
4.57862
2.72114
5.24234
5.26487
0.535493
2.51264
0.646493
1.97693
0.722753
1.90929
1.22495
4.01516
1.37982
5.75693
1.92728
1.92214
3.57329
1.63791
1.7952
0.110629
5.79587
2.93749
3.43087
1.81176
1.94713
2.56589
3.37637
3.19527
0.488047
3.0435
0.690277
2.73074
3.08917
1.71785
0.645054
2.92662
2.90017
4.51462
1.46448
2.30604
2.95909
1.97846
1.35889
5.77711
1.86197
3.82655
4.41243
5.52729
0.313694
0.657435
3.67542
2.7913
3.11571
1.6314
5.41484
1.60865
6.2404
3.46181
0.317199
3.02344
2.87403
4.89729
5.24887
1.89798
5.97556
0.882824
3.02298
1.46897
2.33987
6.06755
1.18468
5.80906
4.69706
1.53031
2.83227
0.60655
2.95417
1.08536
1.58608
4.01845
0.203348
5.89349
3.70776
5.96003
3.7204
4.70673
0.773396
4.83932
4.84742
2.81426
5.80795
4.9226
3.40825
4.90264
0.980941
5.88134
0.648582
5.67874
1.06024
0.419039
5.61352
4.38437
5.20076
3.73027
0.942249
2.74993
5.19543
2.21049
5.59672
4.80479
2.65348
5.19541
1.82595
1.66657
5.85019
4.89009
3.68872
0.187062
2.36464
1.31319
4.27501
1.81353
0.273481
3.39489
0.376956
2.05136
1.3738
4.95124
0.955865
5.40466
0.101129
3.21918
0.299669
3.70406
0.39478
0.0170051
3.06158
2.9195
2.66454
2.61724
5.57781
1.11097
4.74857
0.22245
0.21448
4.49398
0.103541
6.05768
5.03788
5.68085
5.04467
0.427722
0.754139
1.62461
4.39698
3.52018
1.21152
4.5014
5.49822
1.82247
6.0841
2.86279
4.56949
0.079589
5.61707
1.23668
0.0219225
4.02721
2.8069
1.39376
1.19046
2.45325
1.59447
0.488172
5.14384
2.21085
5.33525
2.23739
5.20027
1.80598
5.24918
0.825381
5.19374
5.25306
3.1903
4.91997
3.18397
5.40517
2.34245
5.34698
4.65903
3.18676
2.06699
0.0978593
4.81025
0.132271
5.1184
1.88146
4.64876
0.274872
1.63638
1.1304
4.49558
1.90477
0.656641
2.89081
4.22037
0.877721
5.22464
3.08697
2.5071
1.79573
2.6553
4.50948
3.08229
5.50641
1.22885
0.515121
5.68579
0.0641061
3.00723
0.509235
1.01059
1.61095
1.03364
5.72719
4.77264
2.58284
5.4938
2.81275
5.52646
5.14217
5.44525
3.7388
6.22528
0.667552
4.05772
0.486459
1.49645
5.58129
3.14308
3.05759
5.09217
0.874894
1.68468
2.34266
2.61159
5.01592
1.03276
3.51883
3.60311
0.0879089
0.936054
5.4497
3.12422
0.177414
3.56968
3.72865
5.25736
6.21754
2.51162
2.41498
5.4959
0.456997
2.69328
1.87514
5.35269
6.2197
1.15391
3.92316
0.756218
5.15899
5.4497
3.0596
1.17862
4.41544
5.82552
4.90455
1.74158
3.6638
2.23756
1.7544
5.56859
3.18507
4.93434
6.05348
3.53205
5.87517
3.75945
1.44554
4.4338
0.371846
4.12335
3.8391
1.78062
0.0744647
1.17514
2.60053
1.24846
3.23114
0.186646
1.65319
0.895214
3.91916
2.73455
4.39138
3.56063
2.42996
5.8452
2.63004
0.853272
2.72141
3.49344
4.23674
5.91107
3.84068
3.16873
0.648994
0.0314259
0.387585
4.76232
5.03648
1.12574
1.64041
6.0279
0.823636
0.999977
5.37909
3.94661
5.35303
5.73508
5.38188
0.582907
1.42385
4.1983
0.607456
5.6172
3.50141
6.13441
0.27686
3.63518
5.133
2.22924
0.19005
2.31412
0.462855
0.628259
3.39322
3.58234
2.92235
0.290276
2.90932
1.11739
5.75695
2.30327
0.275495
5.82452
0.625748
5.17742
1.12812
3.93061
0.421862
2.80455
5.97049
3.56118
5.44095
0.61828
5.32123
5.31141
3.5944
4.51165
1.85317
0.551176
2.19379
1.2593
3.32974
4.88196
5.25251
0.157861
1.6616
3.98673
1.12637
5.95242
1.39952
3.82904
2.35761
2.62542
4.98488
0.829477
4.92305
4.64611
6.02447
6.08043
4.01572
4.53092
5.24968
2.85643
4.45904
3.52805
1.49199
5.88401
1.57163
6.13107
0.651448
3.58212
5.514
3.16951
1.07753
1.96308
0.500988
0.631199
2.54159
3.47275
2.0006
2.69118
4.2637
0.242063
3.13285
0.74155
3.67749
6.11521
4.2832
1.22876
5.24016
6.27418
5.65464
4.33876
5.14192
1.3827
3.77419
4.12862
4.55905
0.505722
4.80189
4.06647
3.01409
2.68712
5.2341
4.94055
3.49135
0.41504
1.24366
4.28934
3.87569
0.992769
3.60897
4.33204
5.29383
3.42558
0.877856
1.20565
0.108224
3.08173
2.34032
0.988245
2.98126
3.85078
3.2886
4.51942
0.51324
5.49513
0.110825
2.80865
5.77616
4.70212
4.8512
3.561
2.30465
4.71121
0.597252
3.76094
1.32218
4.52456
5.25503
4.86912
3.16474
2.65285
0.948411
5.78175
4.38034
0.317219
3.36044
5.56613
5.92316
6.06163
2.23651
3.00553
3.37571
4.65601
2.8404
5.16992
0.662357
4.70576
3.33045
4.2112
3.87133
3.05485
3.03644
1.419
4.52512
2.02499
4.21564
3.05213
1.22466
5.47521
4.58842
3.99002
6.18577
2.70013
3.85658
0.192483
5.50756
1.68094
2.34879
5.1318
0.938925
3.42605
2.56448
4.92781
3.0348
5.24428
0.151896
1.95112
0.562475
3.61449
2.83047
1.67333
0.190931
4.55425
1.46532
3.88369
3.47724
1.99868
1.85397
1.42745
1.93614
0.0309849
5.54119
1.41755
5.23322
2.66206
5.00545
1.1045
2.74864
2.36418
6.27507
1.77322
1.34958
0.0702139
5.12971
3.4843
1.2937
3.40697
2.22378
2.75595
5.95903
5.71814
3.38243
4.47869
0.765869
3.99506
2.81804
0.104646
5.76905
4.64917
0.83565
1.85466
0.388522
1.66444
1.56423
1.17611
6.21179
0.165828
3.61641
3.67382
1.00497
1.32847
3.45434
0.409862
2.18458
3.60887
2.72816
3.80786
4.53652
5.07061
2.86306
2.79227
0.523202
3.27271
1.41819
3.33629
1.94221
1.50171
5.99139
3.00165
1.06744
1.98632
1.4998
5.24811
1.65562
4.05689
5.30431
3.69458
4.3205
6.14711
0.121088
5.6638
1.2141
3.86724
3.39243
2.96099
2.50075
1.88296
4.73345
3.73582
0.023495
5.32381
4.68944
5.3928
1.81818
2.95226
0.36475
4.25451
2.82364
6.27156
5.61078
2.40432
2.20527
5.79531
6.04416
3.90647
3.09459
4.92612
6.12556
2.25373
3.36604
5.47951
1.47527
1.49206
0.879416
2.2881
2.95167
2.92646
0.320771
0.222329
4.47054
2.09229
4.38744
0.186749
3.3802
4.70986
3.0327
1.43163
3.04287
2.59694
3.73008
4.14155
1.93746
3.45769
0.163915
2.88389
1.11372
0.711866
1.15539
3.61352
5.46423
2.29526
3.89143
1.61684
5.71144
4.00129
0.758861
5.58616
3.21875
5.64117
4.16621
1.64669
4.70845
4.56437
2.03651
3.06573
3.61754
3.90752
1.83762
3.0161
5.1759
0.707415
1.74072
1.71326
5.16858
3.27257
5.42567
1.41515
2.55104
5.20373
3.46421
3.04422
0.24592
5.11932
4.7729
0.7378
3.48313
0.595693
2.70126
4.14614
3.7076
3.22199
3.56932
4.05115
3.03946
1.82478
0.779091
0.0230799
4.63026
3.51594
5.2904
2.41654
0.330024
4.9359
0.804945
1.00506
2.9027
2.94673
1.62364
0.718546
0.326356
6.1238
4.05479
1.37093
0.771904
4.89679
3.11903
1.00273
1.3477
6.1744
6.27257
3.77871
4.67618
2.4856
4.79379
6.22311
1.85123
5.61428
4.67802
2.05464
6.19736
2.60855
4.14727
3.74081
2.2981
1.46883
0.0136225
2.75879
3.28721
0.134457
4.15084
1.00712
6.02027
4.53796
4.23736
3.71088
1.90478
0.808394
2.42343
2.95132
3.35523
5.97671
1.25259
3.6361
1.64817
4.59498
1.13087
6.14479
4.997
3.48488
4.84758
5.5765
4.17831
4.05651
5.26311
2.39728
3.33974
3.30638
1.83532
2.14576
4.63758
0.913505
3.45494
4.29277
5.10395
4.02535
2.94822
1.51341
1.56699
3.61752
3.47405
4.94401
5.14664
5.17017
4.83423
0.953889
3.60895
3.9592
3.28629
3.42839
4.11181
4.71673
5.45804
5.01519
1.38349
4.59888
3.97691
5.65562
1.93813
2.1365
6.00636
3.32041
5.2199
4.97868
3.46616
4.34106
6.12138
1.18181
1.60907
0.809941
3.30214
6.03945
0.228957
2.77909
5.16976
4.19605
0.481275
2.32275
1.03929
0.0100269
5.15982
0.487814
5.42193
1.38391
5.2678
5.77601
2.25032
2.69872
5.2841
3.32927
3.19263
0.0564507
0.00661498
4.36375
4.27639
6.17804
4.68012
5.79806
2.01704
2.63947
2.36582
2.35754
1.34049
4.46712
1.03639
1.60586
3.33975
3.48896
4.34739
5.68044
4.43614
1.94868
3.42641
2.26117
2.74583
5.45512
6.18232
1.15661
5.29286
5.9695
5.77524
1.82159
3.74434
5.02982
2.21643
4.86399
4.77277
4.74725
3.20511
2.6133
2.29412
3.57108
2.23194
1.6577
1.39045
2.12087
0.965234
5.7891
2.19776
5.20248
1.20437
3.77304
3.54657
4.89701
0.652137
2.59316
2.9954
2.78643
2.92359
2.30577
4.62297
0.312129
5.77502
4.41088
4.65182
1.50751
2.96658
2.29203
6.1792
5.3914
3.45769
0.17911
0.654472
4.1425
5.25392
5.08286
1.46711
2.55377
0.845081
3.27938
0.486524
2.58331
0.857555
5.58618
3.59302
0.200595
3.61396
0.303053
4.02638
1.41252
2.39197
2.0564
4.40259
3.57848
0.79657
4.76288
1.89136
1.51376
1.09043
5.15752
5.90976
0.702093
0.251582
6.04127
5.60311
5.37409
1.58698
0.230368
1.35304
1.69452
4.42597
0.594682
4.55822
5.38106
5.54026
4.70711
0.752833
4.80796
5.57506
5.24932
3.11573
2.07741
5.71479
3.74664
5.96832
4.71118
0.0647406
1.10499
4.77772
6.26954
3.14128
4.18408
0.361505
6.25928
0.315199
0.821989
4.73222
1.82586
0.0697235
3.16982
0.0418111
5.28632
3.01135
0.720594
3.32493
5.69532
3.11926
4.78223
0.486016
0.327632
2.4429
3.50917
4.57629
1.24252
3.93471
0.206682
5.37792
3.01414
3.56553
3.09474
1.03159
2.65761
5.57455
2.92721
0.255401
1.11384
2.69989
6.24288
1.17543
1.11334
0.497474
4.40656
1.11258
0.32533
1.4572
5.56171
0.69777
2.99941
1.03567
2.16366
3.82684
2.94549
5.99254
3.43308
1.35626
5.48979
4.6802
0.877645
3.94424
3.20681
5.95419
5.99205
1.44059
2.88029
3.4108
3.75028
4.24594
3.44544
1.74564
2.80674
5.04498
5.60732
0.796631
5.79785
4.88107
2.92883
2.40567
6.11285
2.35344
1.63224
0.664362
0.709694
2.34453
2.66117
2.56956
2.28899
5.36932
2.99535
1.9125
4.87408
4.70729
3.80524
4.46316
3.62203
3.92758
6.01057
4.9273
0.691149
4.81208
5.75343
5.91836
0.846721
5.70719
1.71108
6.23572
0.150938
4.68737
1.96823
5.31374
5.08847
1.43906
2.26225
2.09336
3.50758
3.07266
0.779423
5.60055
0.100125
5.19263
5.3863
5.719
5.2864
4.27278
2.02336
1.99116
1.25426
0.261504
3.15519
5.44028
1.82125
4.3995
1.88915
2.03343
1.67465
3.45128
5.5083
1.59457
2.1933
5.60128
6.07217
3.40835
0.377297
1.49184
3.51542
2.9499
4.61334
1.9024
4.84175
1.69931
3.18189
1.85151
4.03666
4.56798
6.00605
4.24815
2.79526
0.525004
2.14721
3.82882
4.93948
4.39869
0.856847
6.25325
5.82033
5.65773
6.01682
3.13755
4.25969
2.02026
0.110846
3.16488
4.89486
2.21997
1.46806
5.85981
3.18647
3.39928
4.97041
2.64985
0.790234
5.08408
3.06974
1.80901
5.93166
4.38754
1.87958
4.56368
2.90795
3.22617
4.64955
0.969347
5.8071
3.2141
2.75153
0.699315
3.82851
5.87287
2.77105
2.02419
3.33061
0.710262
5.60873
5.52744
2.82164
4.16806
1.33203
0.37465
0.991207
2.4951
1.15781
0.222732
4.95859
5.17326
0.250937
1.48024
3.27374
6.23063
2.7158
3.40319
1.51285
4.74821
0.394126
1.60064
3.61023
0.381913
3.6839
0.730155
0.660633
0.867972
4.72598
3.88007
5.36188
3.73377
3.29936
3.15277
2.49753
4.24518
3.15607
1.39697
4.97452
2.76645
0.130624
2.56195
0.0106527
3.1105
2.05752
4.30019
4.02922
5.23387
0.995128
5.55628
3.67089
2.02256
1.06129
5.43143
3.94151
1.39208
4.40411
3.94219
0.144605
5.06384
2.19453
1.21316
0.647847
5.88647
5.2072
5.18933
0.156854
3.58238
3.56319
1.54977
3.21442
1.9249
5.89919
5.29479
0.812321
5.60454
4.33761
4.66107
6.14885
4.14525
1.30396
6.221
4.16111
3.89369
1.789
2.64626
3.26512
5.86457
1.56631
4.6498
5.26877
3.36855
3.74521
0.856107
0.10305
4.07719
0.877014
5.91217
3.55323
3.7659
2.93224
3.17238
5.28957
0.991777
5.78708
6.02747
6.23654
1.41731
1.22072
2.10349
4.2045
4.40433
1.44003
6.05413
1.87967
6.01875
4.18438
5.49744
1.24031
4.62965
5.8217
3.52947
0.282062
3.091
1.08144
4.78257
6.10396
3.68666
3.25993
0.269063
4.53255
1.19377
1.49797
5.8589
0.463741
2.95066
4.78976
1.35698
5.02749
0.714643
3.84351
0.40506
3.15436
4.12527
4.71693
2.41909
5.48037
3.30317
4.49712
2.63055
3.22628
0.188328
4.78066
5.38482
6.01663
6.26328
4.82619
4.14314
3.46405
0.327722
3.9499
4.18182
0.0568203
6.21844
5.09558
1.60924
3.67711
6.08104
1.79149
0.571969
6.08746
2.87211
4.0917
6.04932
2.67611
2.321
2.97651
5.73152
2.15581
3.92324
2.22644
3.37953
6.00213
1.31064
5.41891
0.907866
2.93485
3.00267
5.53626
0.196754
1.89269
4.96318
0.55409
0.904021
1.13908
5.90508
3.68464
0.59963
6.02848
4.26806
4.40656
1.19214
5.5287
5.03492
6.16435
0.807036
4.73334
1.77828
4.69649
4.46511
5.03846
2.89092
6.04494
4.50998
5.09819
1.54442
1.22267
3.43972
6.06984
1.97393
0.655991
4.53384
4.12592
3.18591
0.270952
4.86188
0.748463
0.483936
3.06361
5.59136
2.63149
0.162681
1.00019
2.67532
1.65701
2.28308
0.351033
6.18118
0.829037
3.79647
1.45092
0.515601
1.19319
4.23164
1.84754
0.0729303
0.518255
1.81809
1.45687
6.24495
4.51935
5.64786
3.43351
2.16222
4.74933
0.470863
3.25877
5.97526
2.03298
0.255383
0.803254
4.00259
3.70941
2.21697
1.37804
0.835378
3.56589
2.93752
3.86842
4.47105
4.31059
2.99864
0.629854
5.07293
4.27678
0.142243
3.07424
2.08601
5.61178
0.253104
0.20303
0.555592
1.02545
6.22566
0.755861
5.43796
0.649769
0.484503
0.0406828
5.17138
0.0660331
3.97691
5.62503
3.09107
2.22126
4.24467
0.925127
4.00967
3.33405
1.87115
1.05895
3.74017
4.08281
1.12537
1.68679
0.136344
4.44895
3.53693
6.20394
0.216898
1.15162
3.14615
4.35677
6.23782
4.13511
0.563667
4.78673
0.711431
0.113686
0.633353
1.05357
1.36722
1.3192
4.73633
1.7851
6.19016
1.04334
5.27388
1.21469
1.21445
3.50609
3.16805
1.66255
1.09795
5.81393
4.95871
0.820961
0.0171348
5.24124
5.51106
3.95828
0.525547
4.99849
3.4102
0.052605
4.48606
5.32389
6.14402
4.68766
0.59566
2.14112
1.96623
3.07786
0.183115
5.13006
3.02013
3.76062
2.15157
1.62507
5.76103
1.66356
5.57749
1.98383
3.60462
0.446358
6.09891
0.411403
2.95261
6.12171
0.433911
4.2454
0.542828
0.119395
2.34062
6.02111
6.1103
3.46066
6.2106
5.32648
5.63933
4.71184
4.93114
2.48977
5.863
0.22299
3.01294
2.36894
4.51505
2.43646
2.01529
4.5527
0.607556
1.01608
5.89895
1.33187
3.9614
2.60551
3.36069
3.53704
1.73889
2.39491
1.12384
1.08104
4.37605
3.58629
0.24328
4.7431
2.4369
3.22748
1.51051
3.03054
2.82381
2.84153
5.32179
2.25603
4.33718
3.83421
1.21207
1.24038
5.66905
1.51287
4.97269
3.34724
3.72621
1.96311
0.899891
0.848204
5.49704
0.770165
0.793156
3.92846
1.91333
6.21475
5.97564
2.17897
3.48178
3.00887
2.9693
4.04966
3.23447
5.82159
1.6573
0.86847
0.541117
2.79158
1.55136
4.75847
3.16749
4.90926
5.46675
0.587121
3.13468
0.114927
2.63778
5.30561
0.49161
0.104009
1.36106
4.49125
4.48044
4.98914
3.38317
4.34374
0.865886
1.08382
0.748674
4.02003
1.49788
4.47995
3.086
4.93335
1.85552
2.24371
4.69132
5.58331
5.57521
1.47438
5.30203
3.08693
1.73929
2.85743
2.52021
2.22768
5.42187
0.299314
4.02715
1.81141
2.33006
4.49452
2.99819
5.74166
2.94007
2.81146
2.60463
1.08506
2.72128
1.32947
1.39734
4.85669
1.59315
3.45117
3.67778
4.77284
5.9122
4.02319
4.43595
4.94326
5.17866
3.13122
4.71735
3.30772
5.46261
0.177981
0.537708
2.03348
2.49473
1.28793
0.669988
1.01809
1.93706
2.97711
3.32682
6.09054
4.31158
0.696554
1.40519
4.87781
4.67037
5.41525
2.20085
0.506283
1.66311
4.25578
5.4366
2.85892
2.32156
6.18666
5.07903
6.11341
5.44735
1.26041
3.04499
0.669837
4.76043
4.71729
2.17916
0.484832
5.56805
0.408729
1.9826
1.78268
3.33661
1.01398
1.94477
0.668096
0.635505
5.80404
1.97698
1.61021
1.04512
3.79634
5.64207
0.439443
2.96993
2.01643
4.88495
5.22097
4.16811
2.18471
