0.00165447
0.214488
0.185698
0.492975
0.532849
0.441575
0.406567
0.496015
0.435095
0.424729
0.556724
0.205651
0.140644
0.372983
0.375585
0.296409
0.556655
0.191887
0.227365
0.413371
0.345771
0.476562
0.448408
0.448402
0.34353
0.228456
0.502647
0.316971
0.541586
0.287749
0.53127
0.533682
0.403385
0.478543
0.40964
0.26712
0.399522
0.545963
0.448679
0.393883
0.475138
0.146146
0.490597
0.343007
0.265951
0.434653
0.30393
0.356083
0.531221
0.207263
0.258192
0.522923
0.294518
0.558652
0.47359
0.417032
0.531798
0.405476
0.0770357
0.331873
0.374852
0.269784
0.0879435
0.340245
0.430164
0.319095
0.291769
0.532439
0.423845
0.339642
0.542377
0.421416
0.550785
0.526122
0.385429
0.518662
0.54146
0.15636
0.535513
0.530422
0.341959
0.310091
0.197379
0.0958116
0.473397
0.541088
0.497735
0.522631
0.241599
0.560979
0.289375
0.361178
0.518703
0.251419
0.446195
0.173463
0.485816
0.533924
0.237348
0.391723
0.171467
0.353471
0.0977923
0.550154
0.237837
0.487565
0.488404
0.0919483
0.358463
0.467024
0.370977
0.453867
0.478859
0.398913
0.281569
0.171
0.548607
0.368601
0.529925
0.418024
0.437109
0.318428
0.510685
0.353973
0.489804
0.321371
0.275485
0.218093
0.37118
0.438745
0.0288859
0.134175
0.425114
0.274978
0.365867
0.517129
0.198512
0.477948
0.395727
0.427956
0.27966
0.41294
0.412591
0.334133
0.539649
0.470423
0.470187
0.560147
0.55964
0.0764251
0.356013
0.283093
0.416112
0.361652
0.540033
0.431053
0.476569
0.562335
0.472993
0.477251
0.333309
0.533376
0.291041
0.384632
0.367344
0.03774
0.25514
0.201635
0.472843
0.275454
0.282561
0.457867
0.29233
0.232911
0.319483
0.324523
0.477347
0.258749
0.143513
0.394758
0.225405
0.459176
0.446824
0.498179
0.271252
0.549238
0.561903
0.101322
0.138721
0.148572
0.398379
0.505075
0.393781
0.387269
0.537583
0.227438
0.297491
0.536041
0.500055
0.18968
0.46751
0.361488
0.454928
0.442788
0.239371
0.355469
0.505359
0.451762
0.143818
0.190784
0.524423
0.268324
0.41426
0.24845
0.282328
0.46982
0.494108
0.535914
0.433584
0.291792
0.42946
0.327348
0.547705
0.239985
0.545619
0.495073
0.315807
0.0965694
0.357312
0.237707
0.390128
0.285041
0.55708
0.17241
0.404507
0.424497
0.421175
0.270054
0.476939
0.447977
0.262335
0.484206
0.362123
0.538027
0.358614
0.344987
0.195918
0.467716
0.442061
0.268733
0.212754
0.560979
0.272038
0.39561
0.470434
0.283513
0.181826
0.444597
0.546465
0.42638
0.229814
0.450265
0.488521
0.102103
0.377812
0.528543
0.310612
0.25741
0.425486
0.549831
0.35626
0.41174
0.316478
0.368311
0.432863
0.300952
0.295878
0.348306
0.450892
0.424252
0.426975
0.563433
0.557595
0.361612
0.363663
0.549839
0.529789
0.53919
0.406662
0.521276
0.378372
0.268546
0.511423
0.272095
0.206194
0.528142
0.546262
0.522108
0.322604
0.230488
0.0670697
0.405278
0.418645
0.109539
0.418447
0.303677
0.291323
0.219669
0.526578
0.51789
0.474685
0.353923
0.540725
0.160396
0.352906
0.549671
0.183226
0.443102
0.531334
0.398949
0.500802
0.428903
0.165833
0.126633
0.474561
0.239383
0.472326
0.363295
0.503308
0.378303
0.385213
0.125148
0.555271
0.522017
0.29498
0.345753
0.158693
0.473625
0.302075
0.0903672
0.241201
0.51645
0.146283
0.524116
0.258945
0.365347
0.488727
0.471274
0.562024
0.282198
0.516433
0.197533
0.283197
0.454256
0.333021
0.486915
0.32112
0.474444
0.297931
0.492395
0.468666
0.418872
0.17127
0.514353
0.53258
0.400775
0.533398
0.417729
0.433587
0.36607
0.469715
0.412683
0.340741
0.361387
0.510799
0.418468
0.279114
0.369231
0.357826
0.426239
0.51409
0.451533
0.184469
0.486433
0.430909
0.226574
0.421145
0.543237
0.512485
0.443474
0.289312
0.404258
0.542271
0.388007
0.188808
0.290561
0.485672
0.404739
0.385732
0.2326
0.45722
0.0362148
0.281489
0.484628
0.055298
0.381831
0.174393
0.510679
0.133728
0.275751
0.532191
0.444488
0.512281
0.425802
0.240712
0.35352
0.515061
0.363085
0.49779
0.486911
0.184814
0.390112
0.441486
0.3607
0.446878
0.320651
0.505599
0.398161
0.439916
0.326967
0.501246
0.142939
0.507112
0.354961
0.494481
0.345165
0.439743
0.313673
0.185108
0.26662
0.355932
0.243371
0.33417
0.26923
0.275487
0.251107
0.32645
0.552399
0.531999
0.505647
0.133481
0.492162
0.437507
0.47378
0.118651
0.325848
0.266411
0.406018
0.261657
0.552833
0.258913
0.4213
0.498987
0.496277
0.318936
0.539239
0.327357
0.295925
0.520862
0.477898
0.56054
0.281296
0.559746
0.291926
0.477608
0.342422
0.126479
0.454259
0.392248
0.520435
0.268524
0.259397
0.499661
0.29583
0.529365
0.261919
0.252364
0.485577
0.443314
0.504976
0.270158
0.463564
0.369785
0.114838
0.320132
0.295789
0.437318
0.555948
0.410871
0.426709
0.555375
0.54839
0.522581
0.358461
0.430007
0.2293
0.241888
0.344468
0.279498
0.486014
0.104297
0.337437
0.164532
0.338803
0.520091
0.308721
0.348452
0.0493905
0.505728
0.347706
0.427566
0.447562
0.437827
0.395998
0.54531
0.0539333
0.432217
0.498188
0.464921
0.560469
0.112985
0.109912
0.523883
0.320417
0.537913
0.53762
0.30889
0.529345
0.191577
0.529527
0.285324
0.398609
0.3778
0.349977
0.274687
0.560061
0.538584
0.142774
0.31906
0.165517
0.408627
0.379392
0.116024
0.496749
0.184259
0.459154
0.436409
0.10223
0.511475
0.125469
0.261163
0.330839
0.305362
0.374444
0.19323
0.384794
0.0310418
0.528774
0.263249
0.183189
0.532471
0.327565
0.38292
0.141926
0.423969
0.54377
0.373843
0.335938
0.497217
0.448788
0.44635
0.366719
0.507348
0.0359112
0.171639
0.400336
0.309447
0.145422
0.43889
0.479955
0.0908978
0.288513
0.202352
0.0456139
0.52275
0.479713
0.481476
0.267622
0.459391
0.170935
0.495837
0.312609
0.53857
0.293242
0.352182
0.562323
0.556375
0.440345
0.287874
0.459543
0.368892
0.248182
0.264836
0.333348
0.289838
0.43214
0.303054
0.310318
0.423979
0.352
0.269803
0.417798
0.458398
0.545872
0.341936
0.39603
0.295092
0.523223
0.522996
0.323459
0.325574
0.500244
0.14663
0.270657
0.544649
0.542907
0.541314
0.488043
0.350171
0.362578
0.321972
0.455977
0.156302
0.545825
0.461538
0.398125
0.192791
0.406968
0.0757837
0.27869
0.546066
0.42571
0.0946005
0.409855
0.40221
0.481644
0.495816
0.243347
0.489854
0.541108
0.544454
0.485983
0.377725
0.360722
0.385532
0.111749
0.340402
0.246535
0.260613
0.24107
0.399151
0.296771
0.324022
0.428281
0.550921
0.493657
0.363457
0.101335
0.255165
0.50826
0.549376
0.053524
0.2903
0.48163
0.121444
0.4856
0.505937
0.412134
0.375227
0.167228
0.433226
0.54046
0.54477
0.542973
0.475836
0.202065
0.525596
0.29511
0.356493
0.302121
0.404084
0.395936
0.318031
0.390738
0.363899
0.562908
0.482425
0.407747
0.401889
0.174435
0.437561
0.255948
0.548743
0.309673
0.375906
0.117607
0.31037
0.298309
0.449237
0.538449
0.347235
0.303578
0.162968
0.315732
0.414916
0.537922
0.365845
0.564049
0.454856
0.218502
0.529648
0.12153
0.516934
0.388216
0.463721
0.198504
0.418774
0.484377
0.240696
0.563595
0.434662
0.473425
0.309234
0.175198
0.465852
0.483971
0.352999
0.363546
0.381184
0.0623887
0.40643
0.54404
0.543796
0.548407
0.514115
0.556765
0.41543
0.375969
0.40412
0.128255
0.414202
0.466317
0.441584
0.549914
0.263528
0.518577
0.305933
0.530505
0.561249
0.285842
0.190884
0.529092
0.555355
0.497419
0.273236
0.0262136
0.299642
0.486516
0.511839
0.465356
0.317523
0.36473
0.552846
0.555465
0.267861
0.36952
0.469833
0.344969
0.388394
0.559343
0.381553
0.530392
0.455182
0.513692
0.0976282
0.286493
0.502046
0.377592
0.173165
0.301193
0.545118
0.548975
0.484658
0.42571
0.0766167
0.549041
0.429691
0.516234
0.294247
0.419358
0.439453
0.518029
0.319605
0.3833
0.374098
0.361324
0.354041
0.313165
0.30143
0.391495
0.462751
0.460986
0.436574
0.45824
0.317741
0.480447
0.558059
0.487328
0.419452
0.488046
0.413032
0.425103
0.496029
0.327728
0.18559
0.455553
0.456413
0.154171
0.0470401
0.51589
0.399361
0.228824
0.46092
0.338068
0.4342
0.396562
0.400162
0.55865
0.433697
0.371616
0.471611
0.501064
0.375706
0.167361
0.544146
0.0318395
0.409501
0.258918
0.46512
0.478536
0.233937
0.43425
0.510981
0.332965
0.502975
0.47572
0.312633
0.478311
0.508703
0.480185
0.465039
0.493456
0.547635
0.20781
0.258216
0.404284
0.146836
0.370262
0.455808
0.548299
0.436565
0.279935
0.45475
0.15304
0.457417
0.407574
0.141701
0.247883
0.355704
0.444752
0.257624
0.351732
0.28967
0.369479
0.15091
0.391958
0.513052
0.323882
0.496705
0.498918
0.199188
0.536745
0.452337
0.39978
0.5113
0.436643
0.515817
0.422506
0.416237
0.528873
0.485198
0.250564
0.552497
0.422848
0.500414
0.138563
0.489428
0.533246
0.558608
0.198025
0.405646
0.306855
0.483016
0.462277
0.400881
0.350688
0.409587
0.545745
0.141581
0.359753
0.430403
0.218929
0.481844
0.546726
0.451258
0.0888058
0.361819
0.301221
0.512919
0.215092
0.502728
0.448557
0.470243
0.489339
0.296759
0.548075
0.448989
0.212996
0.368559
0.259944
0.50619
0.149512
0.311736
0.213208
0.249909
0.456873
0.278898
0.122473
0.560638
0.138829
0.45688
0.43806
0.291553
0.279167
0.560934
0.434042
0.280595
0.247689
0.320179
0.516983
0.207022
0.548023
0.429331
0.407118
0.378366
0.563709
0.352592
0.28083
0.213961
0.244009
0.496304
0.489615
0.421682
0.507119
0.492214
0.30613
0.283613
0.18055
0.264574
0.0938471
0.0989913
0.360667
0.331778
0.212407
0.244095
0.56351
0.401179
0.560811
0.298785
0.453345
0.472285
0.342633
0.46745
0.383805
0.524133
0.226082
0.510387
0.332041
0.337339
0.442729
0.366256
0.528705
0.322918
0.52114
0.563768
0.539109
0.537311
0.486264
0.534368
0.242543
0.19759
0.37701
0.540727
0.230397
0.507054
0.282792
0.415577
0.545211
0.297338
0.175669
0.357438
0.544597
0.549639
0.302087
0.365068
0.0577899
0.327623
0.389598
0.37153
0.329454
0.564178
0.327261
0.553724
0.29293
0.480229
0.543522
0.253738
0.384042
0.395567
0.532889
0.525302
0.543167
0.51744
0.174831
0.537411
0.363742
0.552275
0.441699
0.325267
0.284509
0.558923
0.47342
0.1069
0.348825
0.483068
0.297841
0.542438
0.101917
0.375319
0.486162
0.45801
0.238932
0.322033
0.475492
0.524301
0.401194
0.453406
0.45027
0.0443529
0.525751
0.522239
0.41811
0.366347
0.359447
0.560112
0.550539
0.416688
0.487079
0.491922
0.181594
0.231391
0.112474
0.5486
0.0503485
0.519626
0.503529
0.243671
0.16277
0.536637
0.406344
0.273607
0.472549
0.414569
0.483606
0.488336
0.402303
0.461359
0.484149
0.392388
0.45534
0.359449
0.127524
0.458491
0.378809
0.481923
0.551773
0.335714
0.516335
0.498181
0.307896
0.406106
0.562395
0.294638
0.473567
0.349002
0.29407
0.126086
0.362677
0.195398
0.553396
0.14989
0.294146
0.36673
0.267762
0.447448
0.257462
0.56175
0.555121
0.119637
0.486325
0.0660422
0.306092
0.0971715
0.422472
0.0809868
0.315595
0.553317
0.373242
0.45015
0.295092
0.522766
0.438491
0.283485
0.294342
0.396884
0.0933581
0.250777
0.433327
0.399368
0.382451
0.19206
0.457404
0.525532
0.467914
0.351681
0.345177
0.154795
0.246676
0.529903
0.300167
0.339927
0.224035
0.226019
0.305382
0.183083
0.522535
0.526383
0.551575
0.522268
0.213882
0.358799
0.36206
0.4103
0.510296
0.363128
0.368783
0.547636
0.274162
0.491866
0.264027
0.49168
0.423601
0.370727
0.522051
0.242748
0.345101
0.310242
0.16902
0.359174
0.44568
0.524806
0.390901
0.224879
0.229912
0.0979224
0.306627
0.317859
0.470795
0.234567
0.236563
0.517156
0.427418
0.552733
0.326697
0.391843
0.168145
0.512903
0.304141
0.223931
0.47474
0.209464
0.452747
0.16646
0.138222
0.498596
0.21421
0.508239
0.504592
0.499785
0.520733
0.430189
0.373074
0.124879
0.364796
0.399881
0.15312
0.548792
0.229051
0.21671
0.470942
0.401387
0.510965
0.405238
0.514075
0.503275
0.456602
0.248287
0.555891
0.252398
0.459984
0.516207
0.507721
0.0407415
0.452191
0.411574
0.161339
0.361951
0.323728
0.402683
0.517938
0.31302
0.40284
0.405979
0.426681
0.483055
0.447389
0.3661
0.515082
0.403517
0.333509
0.548474
0.483874
0.372666
0.55699
0.494945
0.452638
0.525803
0.494268
0.277452
0.427666
0.212502
0.318053
0.244201
0.4789
0.43946
0.232165
0.564121
0.532804
0.182829
0.548023
0.430895
0.418836
0.389506
0.461592
0.164367
0.393205
0.41762
0.496358
0.434788
0.393833
0.454776
0.30527
0.391864
0.553756
0.197048
0.211489
0.451555
0.242463
0.154753
0.400323
0.500905
0.563908
0.273251
0.37138
0.372426
0.41058
0.547438
0.492465
0.329167
0.0611222
0.287524
0.125799
0.432502
0.501911
0.310349
0.434407
0.559184
0.157006
0.430271
0.226414
0.481578
0.370123
0.273573
0.480462
0.481058
0.562273
0.558469
0.543107
0.350541
0.186007
0.512679
0.212541
0.256013
0.472349
0.416759
0.519466
0.563381
0.514417
0.344918
0.450112
0.383382
0.481731
0.262427
0.302923
0.198631
0.267179
0.219732
0.327401
0.502305
0.226356
0.331423
0.474166
0.333153
0.352109
0.290904
0.289937
0.444512
0.546266
0.164099
0.516263
0.523963
0.502518
0.389202
0.240374
0.508291
0.424593
0.533335
0.5576
0.4682
0.411939
0.553117
0.50338
0.299253
0.37699
0.200039
0.524021
0.55456
0.224454
0.169585
0.395916
0.386767
0.350375
0.552295
0.505453
0.456481
0.324365
0.311723
0.477868
0.382541
0.481537
0.317376
0.39248
0.383016
0.55003
0.553967
0.377088
0.105078
0.561196
0.188467
0.38698
0.159857
0.301493
0.385986
0.404838
0.471944
0.35044
0.342837
0.149868
0.540849
0.23458
0.404841
0.519063
0.544118
0.372286
0.0524235
0.185472
0.33084
0.318745
0.393593
0.459025
0.318683
0.343912
0.124312
0.552304
0.328406
0.42654
0.339626
0.330478
0.460559
0.501941
0.519916
0.470659
0.373939
0.211525
0.376263
0.263768
0.416322
0.451043
0.489564
0.544446
0.286053
0.398309
0.52279
0.553776
0.316132
0.526785
0.335477
0.371844
0.457155
0.524236
0.526686
0.508034
0.502846
0.535273
0.32711
0.478973
0.302551
0.272117
0.492256
0.386782
0.562921
0.404595
0.321604
0.204636
0.165877
0.512149
0.391267
0.297117
0.241816
0.407464
0.333451
0.536427
0.437445
0.522451
0.271037
0.505714
0.444448
0.553354
0.437524
0.39665
0.258655
0.392738
0.228392
0.277451
0.420724
0.243671
0.145834
0.546546
0.286995
0.560569
0.551598
0.228176
0.105752
0.395338
0.331194
0.466267
0.217802
0.488002
0.301756
0.527334
0.53183
0.333493
0.347515
0.429244
0.418579
0.19467
0.550477
0.544243
0.445969
0.383629
0.483861
0.497048
0.492564
0.382931
0.400942
0.550505
0.422248
0.0951801
0.3269
0.394946
0.556241
0.500544
0.549767
0.465166
0.0613158
0.403243
0.465424
0.456424
0.437567
0.388087
0.36054
0.412546
0.352824
0.536737
0.230831
0.343507
0.324891
0.336322
0.366856
0.181942
0.525067
0.541259
0.421714
0.259751
0.402431
0.206229
0.446999
0.061895
0.297996
0.499801
0.46597
0.400762
0.317482
0.0992355
0.554204
0.333644
0.474617
0.55046
0.554355
0.235355
0.487836
0.489626
0.193012
0.0962551
0.25286
0.558898
0.249195
0.517198
0.521159
0.0895933
0.513797
0.487554
0.264054
0.398896
0.423942
0.477958
0.562291
0.175582
0.501149
0.538573
0.360121
0.423128
0.314505
0.470617
0.332111
0.506036
0.512764
0.476947
0.129226
0.483277
0.557246
0.513096
0.478348
0.466386
0.0789972
0.401376
0.333518
0.284831
0.457966
0.152419
0.451391
0.338839
0.213383
0.203175
0.446854
0.245965
0.353633
0.150969
0.363403
0.550069
0.286298
0.530922
0.334488
0.37768
0.445866
0.441926
0.533296
0.493658
0.378018
0.193011
0.563629
0.437469
0.553189
0.557981
0.222924
0.543625
0.192947
0.471975
0.535881
0.466667
0.518972
0.542146
0.305057
0.450747
0.469932
0.3039
0.372001
0.511683
0.283267
0.487473
0.0874505
0.504161
0.504713
0.253455
0.533328
0.423867
0.337209
0.551493
0.140067
0.531842
0.558145
0.506765
0.498399
0.496019
0.505114
0.43127
0.437002
0.366181
0.555421
0.45574
0.452828
0.551356
0.138532
0.3142
0.432739
0.449185
0.385072
0.317195
0.360749
0.394519
0.228738
0.435646
0.545756
0.468178
0.359419
0.539921
0.241663
0.440497
0.317878
0.328642
0.5019
0.467516
0.472189
0.436685
0.495303
0.325472
0.304894
0.340548
0.380992
0.302398
0.323611
0.397752
0.376002
0.516488
0.208166
0.052985
0.272439
0.113342
0.310233
0.497515
0.300497
0.509945
0.407645
0.198926
0.361101
0.530949
0.525824
0.540215
0.552975
0.39209
0.303662
0.499845
0.0153021
0.340172
0.543203
0.530584
0.380819
0.32036
0.55207
0.471186
0.437547
0.419402
0.414255
0.555625
0.432117
0.267192
0.411131
0.517644
0.268815
0.388517
0.11327
0.373873
0.420005
0.300379
0.162886
0.53347
0.430763
0.410585
0.214064
0.404074
0.173413
0.51462
0.36362
0.311537
0.431462
0.330316
0.0823608
0.228042
0.503861
0.523078
0.512187
0.401715
0.48126
0.279072
0.251391
0.526119
0.312343
0.207341
0.542473
0.126102
0.445249
0.426094
0.317667
0.289042
0.27964
0.54425
0.102519
0.549102
0.166123
0.205315
0.495153
0.397341
0.228499
0.510973
0.54801
0.526586
0.293203
0.23285
0.50482
0.544116
0.306206
0.479747
0.39051
0.0745063
0.184732
0.528717
0.564186
0.501699
0.15364
0.348019
0.15078
0.357882
0.468051
0.231315
0.248541
0.455562
0.19219
0.31156
0.340604
0.390695
0.45328
0.435657
0.35946
0.390441
0.235068
0.442717
0.51681
0.464387
0.491198
0.411317
0.540987
0.106822
0.401041
0.207078
0.231734
0.367891
0.29157
0.489239
0.18798
0.502828
0.547379
0.347172
0.0218215
0.213059
0.521024
0.449026
0.546991
0.541538
0.419553
0.269907
0.40881
0.33276
0.436125
0.559243
0.431708
0.419788
0.461205
0.27006
0.530998
0.446019
0.509589
0.325204
0.1757
0.559866
0.340327
0.400132
0.469185
0.303967
0.426463
0.535763
0.0719251
0.218401
0.416651
0.173263
0.154086
0.446833
0.233288
0.434978
0.246821
0.459704
0.289366
0.214046
0.188796
0.077716
0.536582
0.353766
0.114286
0.454459
0.183646
0.48706
0.495271
0.464023
0.534534
0.424142
0.458141
0.396818
0.279102
0.147701
0.527209
0.536815
0.437392
0.355101
0.561653
0.250056
0.410749
0.289936
0.434889
0.1816
0.305559
0.505516
0.128877
0.56107
0.460194
0.157647
0.277412
0.363277
0.20887
0.406593
0.535057
0.170801
0.334713
0.358825
0.350924
0.306822
0.459303
0.504498
0.493883
0.246809
0.327372
0.504522
0.114266
0.360646
0.419761
0.374201
0.400858
0.350564
0.548574
0.410994
0.537289
0.395542
0.519018
0.38772
0.351278
0.36738
0.361297
0.352903
0.518193
0.291033
0.273039
0.319499
0.52675
0.343933
0.506174
0.229016
0.31106
0.534127
0.432073
0.262063
0.251822
0.316318
0.170904
0.26551
0.270908
0.175724
0.36941
0.34367
0.274841
0.380528
0.452367
0.537328
0.470617
0.325462
0.551539
0.484897
0.499448
0.120953
0.382805
0.362241
0.365419
0.419803
0.307633
0.556652
0.544198
0.040959
0.429977
0.515154
0.37811
0.49602
0.520272
0.28129
0.511381
0.546835
0.536411
0.484963
0.222518
0.353234
0.246291
0.522941
0.286443
0.294578
0.522791
0.0604518
0.551634
0.303028
0.384883
0.446109
0.144907
0.477841
0.179153
0.468913
0.507378
0.438066
0.419431
0.519531
0.422326
0.393749
0.195803
0.322725
0.288991
0.467415
0.48411
0.397119
0.526512
0.211566
0.338995
0.486004
0.409338
0.243334
0.362024
0.211142
0.538622
0.26905
0.200862
0.290343
0.129502
0.400824
0.552657
0.533772
0.426164
0.380197
0.330575
0.138881
0.363386
0.319848
0.462374
0.289052
0.418445
0.267246
0.135442
0.438024
0.437443
0.494734
0.443396
0.443534
0.156586
0.449631
0.451448
0.169585
0.398215
0.531401
0.278901
0.217653
0.319655
0.219753
0.509098
0.539121
0.451941
0.433225
0.515698
0.124436
0.430241
0.50533
0.209446
0.273111
0.356476
0.464372
0.102626
0.184507
0.393998
0.392783
0.0416235
0.390067
0.490299
0.546573
0.503388
0.46928
0.56365
0.532757
0.373408
0.256106
0.267305
0.479263
0.559497
0.43859
0.514664
0.502335
0.488467
0.298502
0.485809
0.410122
0.161212
0.286781
0.407401
0.443373
0.422132
0.520981
0.276117
0.420666
0.448585
0.0920081
0.559825
0.548746
0.391611
0.396761
0.515798
0.409406
0.167994
0.216025
0.115557
0.151753
0.547126
0.475319
0.23405
0.356324
0.551558
0.523445
0.215264
0.476944
0.529763
0.377487
0.538735
0.445156
0.255423
0.496661
0.38225
0.563945
0.366758
0.319747
0.287717
0.531755
0.215055
0.553558
0.420957
0.415271
0.389495
0.257274
0.529245
0.401779
0.379912
0.530223
0.251163
0.514247
0.213924
0.326679
0.522799
0.377574
0.343886
0.165105
0.328048
0.24825
0.0598096
0.52868
0.540734
0.429328
0.333746
0.306545
0.468708
0.453002
0.291333
0.380305
0.463023
0.54866
0.401145
0.422063
0.502285
0.174708
0.448012
0.53203
0.42578
0.226866
0.417694
0.133943
0.298093
0.519604
0.436208
0.506704
0.409667
0.348387
0.446568
0.470187
0.556163
0.245266
0.289253
0.474623
0.288926
0.472647
0.372645
0.213112
0.112334
0.302088
0.375188
0.416363
0.375266
0.450574
0.384615
0.489013
0.383948
0.466155
0.439756
0.532588
0.539756
0.508744
0.539697
0.366369
0.282496
0.472238
0.0645603
0.154831
0.495719
0.169852
0.302592
0.415055
0.059102
0.372305
0.490623
0.481757
0.406782
0.110606
0.548735
0.523932
0.146951
0.25743
0.195873
0.491339
0.517324
0.486266
0.0318926
0.473946
0.345594
0.300493
0.475236
0.104599
0.467177
0.55793
0.197494
0.372036
0.240966
0.524283
0.382862
0.470345
0.515669
0.395582
0.411972
0.352426
0.14929
0.5017
0.200249
0.304973
0.54533
0.199389
0.211186
0.534305
0.464033
0.36358
0.484528
0.537202
0.4114
0.4128
0.385568
0.398227
0.345686
0.445638
0.521278
0.431683
0.371732
0.27637
0.544852
0.456132
0.412203
0.380935
0.557451
0.544129
0.147389
0.0849012
0.436589
0.32649
0.331498
0.312873
0.452256
0.451774
0.436893
0.34844
0.419476
0.513149
0.436469
0.513584
0.250705
0.470112
0.287434
0.317579
0.310064
0.273951
0.450989
0.252008
0.29904
0.475073
0.51946
0.467625
0.195715
0.395109
0.501593
0.369492
0.435363
0.530836
0.421603
0.302083
0.298268
0.332754
0.350227
0.385534
0.180891
0.476712
0.263043
0.343065
0.318192
0.531368
0.344601
0.148273
0.51141
0.410433
0.425756
0.191144
0.205602
0.563972
0.0926429
0.234765
0.163807
0.501279
0.514206
0.546707
0.422915
0.495759
0.253513
0.37743
0.456729
0.311667
0.52214
0.14066
0.462835
0.498702
0.489922
0.374389
0.540214
0.537029
0.486586
0.370546
0.499217
0.530374
0.467049
0.470921
0.376484
0.0381804
0.555687
0.289614
0.481864
0.551704
0.330417
0.413552
0.283007
0.557767
0.404504
0.374251
0.39231
0.368832
0.523511
0.48869
0.499463
0.519482
0.535647
0.376069
0.399527
0.22243
0.320563
0.515709
0.457385
0.552773
0.462528
0.49574
0.261429
0.460272
0.525277
0.419733
0.249437
0.256859
0.439281
0.511684
0.330576
0.162083
0.191548
0.300196
0.292052
0.440303
0.305227
0.169664
0.539807
0.462011
0.416642
0.480478
0.415256
0.508987
0.559275
0.394164
0.352298
0.320186
0.155735
0.437461
0.43817
0.339459
0.331347
0.130182
0.513299
0.478366
0.44533
0.341889
0.495183
0.173751
0.0772916
0.370618
0.429273
0.532277
0.375197
0.539673
0.153085
0.353623
0.474146
0.339674
0.125824
0.543498
0.518217
0.42055
0.379513
0.534767
0.484224
0.340292
0.294313
0.441402
0.393173
0.256359
0.144473
0.16551
0.355043
0.50855
0.386488
0.560837
0.526852
0.111024
0.518152
0.0177839
0.471732
0.499538
0.507505
0.361493
0.52204
0.42182
0.551777
0.440569
0.473128
0.369098
0.271887
0.222001
0.291039
0.360603
0.544175
0.476538
0.368825
0.435861
0.512068
0.161231
0.426418
0.528066
0.470662
0.421254
0.490481
0.334707
0.259475
0.543529
0.429568
0.291962
0.512467
0.462044
0.229329
0.532406
0.475024
0.349429
0.0676697
0.49976
0.397504
0.0904663
0.202707
0.436307
0.323686
0.164525
0.269631
0.455001
0.181164
0.54878
0.37337
0.47439
0.439949
0.515175
0.435493
0.535367
0.440122
0.539386
0.465441
0.409047
0.436601
0.542325
0.433053
0.560495
0.44207
0.447619
0.316392
0.426259
0.484227
0.401173
0.484299
0.23972
0.268233
0.549559
0.43921
0.412478
0.36767
0.459515
0.18242
0.120737
0.470915
0.204043
0.303878
0.480662
0.525213
0.0585975
0.309166
0.535869
0.109267
0.358981
0.29749
0.525198
0.260096
0.556248
0.240482
0.421693
0.297313
0.317585
0.400488
0.481008
0.380916
0.279299
0.529484
0.530883
0.236301
0.302195
0.521361
0.222062
0.469496
0.470872
0.0850055
0.4125
0.35118
0.499672
0.533227
0.532786
0.136333
0.354634
0.392331
0.2926
0.404476
0.286229
0.507253
0.537355
0.276142
0.305406
0.523532
0.54579
0.456265
0.554063
0.13583
0.223195
0.316575
0.459069
0.384975
0.344232
0.463829
0.351723
0.547524
0.480908
0.327183
0.280891
0.555921
0.548968
0.332588
0.416015
0.207859
0.292014
0.366017
0.44435
0.337211
0.095002
0.417235
0.510447
0.419465
0.327525
0.150799
0.47582
0.335299
0.221805
0.457001
0.375129
0.262313
0.186192
0.389238
0.447592
0.111975
0.112499
0.282501
0.520207
0.472111
0.469675
0.4282
0.294538
0.436181
0.423638
0.191918
0.501391
0.4845
0.380078
0.424725
0.500254
0.443885
0.404579
0.450835
0.527125
0.272258
0.514469
0.249729
0.535183
0.270416
0.125303
0.0727606
0.411878
0.318389
0.392278
0.156592
0.480603
0.527689
0.460394
0.500495
0.329095
0.401868
0.264516
0.352994
0.261388
0.413663
0.191023
0.469335
0.473332
0.459025
0.325305
0.423806
0.453062
0.230792
0.372678
0.369833
0.536055
0.422015
0.444896
0.560154
0.358945
0.546057
0.128608
0.323127
0.555974
0.144176
0.419273
0.510403
0.226063
0.340924
0.562227
0.28395
0.243741
0.526454
0.550392
0.556769
0.503825
0.548062
0.51938
0.309884
0.32933
0.469968
0.190401
0.22523
0.402255
0.457559
0.340763
0.256926
0.364443
0.544022
0.542937
0.451478
0.406662
0.528278
0.393415
0.28893
0.51696
0.534029
0.141799
0.457625
0.432764
0.49853
0.462154
0.398153
0.305095
0.524356
0.413952
0.488446
0.22963
0.239631
0.557456
0.269258
0.133173
0.368339
0.467762
0.527636
0.474124
0.294867
0.514359
0.279614
0.23015
0.509311
0.356457
0.548881
0.29432
0.509101
0.184302
0.395713
0.563761
0.38423
0.188643
0.557071
0.416472
0.261187
0.561226
0.534459
0.342416
0.51582
0.470926
0.471354
0.55427
0.251761
0.472141
0.242831
0.395528
0.29452
0.11618
0.470236
0.359886
0.453327
0.515988
0.523708
0.457344
0.557608
0.239639
0.241929
0.356438
0.277827
0.429538
0.526581
0.560225
0.44126
0.516666
0.519428
0.538019
0.547733
0.52126
0.431871
0.0446777
0.354798
0.451908
0.0697249
0.470016
0.391709
0.407232
0.331269
0.313058
0.485116
0.556456
0.36234
0.258631
0.513704
0.468745
0.397205
0.390755
0.207676
0.290065
0.410125
0.269952
0.504484
0.0657719
0.362602
0.275949
0.459938
0.443954
0.501434
0.561514
0.549005
0.396415
0.339512
0.281873
0.212353
0.559597
0.392593
0.195498
0.0917959
0.542473
0.117342
0.0917802
0.495788
0.476235
0.260818
0.509836
0.45848
0.542568
0.386586
0.561242
0.521579
0.218386
0.245703
0.426066
0.134805
0.406883
0.341914
0.465389
0.554669
0.431027
0.422996
0.364381
0.421844
0.0900013
0.471556
0.133722
0.223022
0.279462
0.470446
0.521688
0.21548
0.447776
0.48619
0.136589
0.161562
0.267956
0.189976
0.447337
0.55765
0.449429
0.0673608
0.430575
0.563896
0.412027
0.497965
0.551199
0.545962
0.410656
0.275108
0.245812
0.362124
0.558818
0.399314
0.242679
0.438435
0.450837
0.554606
0.527237
0.386715
0.292046
0.361813
0.148949
0.371137
0.537995
0.428547
0.0529099
0.508937
0.294571
0.449627
0.367282
0.445528
0.471819
0.229762
0.343098
0.406363
0.079543
0.154281
0.503476
0.344533
0.433622
0.0652065
0.400157
0.488438
0.498037
0.493524
0.388718
0.306331
0.484975
0.49001
0.55093
0.302225
0.506127
0.465516
0.241408
0.179377
0.539495
0.531091
0.516432
0.136834
0.441944
0.482606
0.480651
0.303901
0.38409
0.371969
0.425209
0.412233
0.487631
0.22552
0.359921
0.551771
0.27181
0.550675
0.368391
0.470064
0.527295
0.483261
0.202973
0.296832
0.269081
0.0748166
0.419769
0.513532
0.336625
0.24614
0.542462
0.367375
0.270878
0.285854
0.390668
0.414138
0.532239
0.310131
0.371237
0.511111
0.333245
0.450036
0.519792
0.531541
0.166056
0.55241
0.407627
0.330618
0.425633
0.432107
0.49135
0.357658
0.260402
0.343723
0.231413
0.433192
0.330703
0.409278
0.422722
0.227212
0.520284
0.541292
0.387697
0.362111
0.389425
0.328476
0.0810927
0.26423
0.359214
0.207188
0.428775
0.313859
0.295104
0.263066
0.0445988
0.0861367
0.490773
0.387197
0.55364
0.326236
0.427358
0.298096
0.544925
0.516054
0.381062
0.196797
0.541979
0.493433
0.477825
0.302768
0.236755
0.451346
0.252424
0.332537
0.487579
0.401524
0.436134
0.354918
0.197892
0.484219
0.180154
0.463674
0.515868
0.331617
0.390286
0.50019
0.257572
0.557638
0.55026
0.318372
0.542957
0.503772
0.17212
0.272627
0.375088
0.429353
0.391412
0.291163
0.27636
0.454552
0.42435
0.557204
0.355126
0.549995
0.539581
0.513995
0.386547
0.360031
0.218533
0.436645
0.544095
0.171071
0.271703
0.53478
0.383573
0.397026
0.550701
0.559409
0.357608
0.33404
0.460439
0.56184
0.321337
0.138492
0.476691
0.194493
0.324685
0.3029
0.347133
0.424201
0.30943
0.398219
0.11419
0.39415
0.509594
0.44806
0.224966
0.275292
0.409959
0.124656
0.391365
0.30365
0.356145
0.246512
0.435248
0.443553
0.555463
0.200917
0.377397
0.325689
0.49125
0.25546
0.489911
0.515958
0.267582
0.419965
0.399975
0.131437
0.232496
0.196557
0.547885
0.450641
0.455445
0.384621
0.556447
0.520459
0.421326
0.549215
0.46221
0.277129
0.202404
0.185139
0.51421
0.19945
0.368193
0.557666
0.423571
0.201977
0.021441
0.295013
0.355763
0.523799
0.477052
0.321487
0.228983
0.399274
0.394307
0.342408
0.414292
0.446145
0.479607
0.344685
0.198851
0.515052
0.538802
0.376581
0.524104
0.427256
0.460057
0.36121
0.152649
0.33187
0.331341
0.517574
0.351546
0.344556
0.370058
0.464311
0.0780647
0.496101
0.197466
0.523276
0.507629
0.155931
0.512907
0.381483
0.150221
0.407989
0.554098
0.20136
0.520858
0.379193
0.17422
0.453971
0.466772
0.0894084
0.161184
0.498355
0.392238
0.366343
0.280572
0.400479
0.341298
0.382319
0.488613
0.495484
0.501937
0.456116
0.497439
0.323442
0.479351
0.354544
0.191119
0.44327
0.484238
0.138193
0.332636
0.275898
0.230407
0.12468
0.504296
0.560493
0.393224
0.31085
0.0578655
0.504298
0.154318
0.353263
0.276466
0.483429
0.475227
0.417865
0.440286
0.41196
0.527523
0.374808
0.402866
0.442819
0.441393
0.126033
0.474917
0.55956
0.299241
0.122709
0.114001
0.260516
0.405344
0.34101
0.156607
0.55903
0.55711
0.526994
0.54907
0.298092
0.511696
0.547891
0.551284
0.537229
0.179632
0.489946
0.461967
0.342564
0.234361
0.15788
0.196978
0.469686
0.196475
0.280491
0.186514
0.505008
0.548051
0.275454
0.277419
0.437357
0.501055
0.555912
0.374977
0.261018
0.325214
0.375396
0.504014
0.559823
0.514377
0.262851
0.0997921
0.509126
0.369749
0.442188
0.213516
0.20587
0.514609
0.504538
0.530699
0.532903
0.447864
0.531232
0.485
0.102244
0.554693
0.556345
0.53235
0.413325
0.336516
0.313919
0.284634
0.487613
0.292808
0.552272
0.387668
0.270954
0.368136
0.499187
0.302275
0.355957
0.213878
0.316438
0.173841
0.461315
0.436021
0.239922
0.32795
0.496967
0.403488
0.158297
0.154685
0.351715
0.446008
0.302603
0.535008
0.328313
0.336877
0.22928
0.471756
0.0923325
0.212188
0.304508
0.55157
0.410371
0.533519
0.329888
0.177651
0.3462
0.35629
0.461202
0.18317
0.413226
0.0714396
0.388647
0.332709
0.501515
0.310785
0.526369
0.242931
0.145245
0.532085
0.450418
0.022403
0.399073
0.0949519
0.119306
0.424024
0.34855
0.434331
0.410304
0.557413
0.468091
0.196363
0.542017
0.546341
0.366446
0.275231
0.489764
0.296046
0.444285
0.30755
0.29819
0.531761
0.379133
0.47001
0.233297
0.509235
0.320366
0.236488
0.555953
0.528604
0.478158
0.168973
0.419168
0.246257
0.556404
0.316557
0.159322
0.2904
0.505466
0.335755
0.313913
0.143371
0.321563
0.481442
0.406647
0.259335
0.170373
0.455887
0.484076
0.492908
0.357481
0.417763
0.158804
0.424453
0.438272
0.162912
0.337169
0.415486
0.547269
0.0658301
0.510153
0.468845
0.363408
0.226951
0.434809
0.369446
0.497383
0.342547
0.41915
0.354491
0.204246
0.456572
0.486932
0.265594
0.424198
0.243905
0.175914
0.553109
0.305934
0.541579
0.534851
0.387468
0.114236
0.123745
0.41012
0.561914
0.47331
0.410282
0.0950984
0.404689
0.3392
0.139539
0.16681
0.262255
0.403431
0.460869
0.539668
0.500815
0.289659
0.188826
0.448754
0.12044
0.540474
0.477125
0.562343
0.206274
0.439821
0.538436
0.460502
0.108513
0.482064
0.208035
0.218079
0.1897
0.180419
0.480311
0.15014
0.271281
0.499603
0.267354
0.184264
0.489239
0.178957
0.558687
0.485932
0.514814
0.551014
0.215467
0.324368
0.366599
0.222148
0.476884
0.528877
0.542475
0.23405
0.357507
0.417285
0.0591328
0.44709
0.320512
0.186137
0.354942
0.122234
0.536435
0.144781
0.498964
0.415048
0.470814
0.212997
0.376228
0.513515
0.360362
0.490222
0.547169
0.262347
0.14875
0.305158
0.526551
0.307953
0.337437
0.161845
0.137404
0.528266
0.521555
0.519355
0.545262
0.278571
0.365391
0.383478
0.44331
0.440461
0.457684
0.371849
0.517013
0.494556
0.32176
0.371885
0.296987
0.157363
0.402708
0.537361
0.429134
0.433084
0.354312
0.378051
0.357433
0.486533
0.472515
0.512135
0.465268
0.0701847
0.170273
0.521254
0.297424
0.507917
0.409025
0.44818
0.51387
0.465041
0.521069
0.164103
0.540421
0.48211
0.391316
0.289768
0.377376
0.393496
0.448716
0.26485
0.481068
0.393632
0.297952
0.365941
0.471345
0.415266
0.291999
0.553825
0.203744
0.519994
0.0766261
0.0851098
0.387291
0.513979
0.447573
0.211884
0.388738
0.172804
0.470268
0.0640282
0.383822
0.422108
0.500196
0.422109
0.517014
0.513923
0.430232
0.347883
0.173093
0.556503
0.218149
0.484332
0.528632
0.29482
0.350838
0.183071
0.446289
0.403691
0.487549
0.553712
0.410577
0.512962
0.376304
0.51471
0.319677
0.535388
0.512033
0.257258
0.379182
0.44704
0.556978
0.168641
0.452121
0.229285
0.509437
0.238764
0.15961
0.193734
0.490012
0.180491
0.162913
0.344641
0.413481
0.221262
0.55081
0.322437
0.383527
0.44465
0.374309
0.490259
0.527983
0.111342
0.427859
0.528073
0.173666
0.382693
0.532789
0.279471
0.554056
0.454975
0.529037
0.522001
0.361831
0.489017
0.459767
0.314124
0.114242
0.186438
0.315333
0.280451
0.543123
0.314069
0.266916
0.4869
0.429467
0.454484
0.309103
0.515018
0.155039
0.241199
0.499828
0.186681
0.181329
0.182039
0.48029
0.560834
0.46804
0.440897
0.547367
0.467068
0.435193
0.168822
0.526921
0.539658
0.265517
0.368647
0.452475
0.15702
0.510945
0.371179
0.429234
0.165829
0.558667
0.437462
0.453785
0.501395
0.545334
0.341383
0.410487
0.541068
0.454684
0.535192
0.477581
0.553603
0.238622
0.394311
0.401396
0.241182
0.331987
0.386279
0.386719
0.371429
0.349241
0.156984
0.260885
0.463265
0.508422
0.446413
0.34391
0.551988
0.538889
0.367682
0.199095
0.555292
0.168698
0.456856
0.374352
0.382717
0.513949
0.555675
0.418985
0.158756
0.49251
0.453895
0.109789
0.37409
0.172426
0.503496
0.378261
0.503776
0.32207
0.551795
0.464526
0.431875
0.236386
0.368364
0.447489
0.224953
0.540152
0.33391
0.124886
0.4028
0.507725
0.25976
0.485074
0.52599
0.225402
0.433076
0.0617575
0.34831
0.494983
0.451198
0.226686
0.287227
0.102617
0.045641
0.561191
0.51214
0.559345
0.439602
0.481322
0.358224
0.451572
0.5637
0.511807
0.548027
0.51875
0.489134
0.471653
0.523903
0.382509
0.369479
0.151504
0.550877
0.270882
0.334903
0.206775
0.417296
0.403645
0.499344
0.419227
0.504623
0.371445
0.563327
0.460214
0.12616
0.353926
0.0738624
0.140867
0.489093
0.424046
0.345199
0.518837
0.402102
0.224867
0.530682
0.536523
0.140556
0.209904
0.346864
0.466917
0.223607
0.123572
0.290225
0.367224
0.335268
0.139196
0.112068
0.204938
0.441415
0.163602
0.278367
0.36847
0.494559
0.37544
0.409444
0.48397
0.347207
0.294079
0.324599
0.324011
0.235264
0.384433
0.32916
0.489603
0.545784
0.305819
0.252817
0.515306
0.472533
0.494522
0.400313
0.324706
0.558918
0.364497
0.074623
0.0904137
0.446698
0.510328
0.207778
0.401357
0.420225
0.111993
0.282143
0.250565
0.560679
0.384259
0.298412
0.530818
0.418246
0.360421
0.557215
0.129393
0.0884983
0.411913
0.509818
0.45752
0.404559
0.498915
0.55931
0.406683
0.499912
0.418855
0.333583
0.409104
0.136012
0.498307
0.546519
0.472237
0.563463
0.484238
0.126346
0.527169
0.467849
0.24261
0.513274
0.332965
0.506142
0.388413
0.488174
0.23046
0.33537
0.45452
0.10947
0.488083
0.390664
0.332181
0.277907
0.542528
0.249952
0.500418
0.278677
0.418343
0.466409
0.197836
0.426683
0.514673
0.304778
0.455305
0.478768
0.547892
0.0970848
0.462168
0.251974
0.341646
0.561583
0.133995
0.0647518
0.349037
0.419981
0.268523
0.231344
0.537171
0.504604
0.347667
0.213919
0.271525
0.495778
0.259149
0.0540262
0.192443
0.375354
0.207076
0.201003
0.29666
0.518891
0.389884
0.251997
0.56141
0.510002
0.43658
0.540352
0.489231
0.478314
0.561029
0.280365
0.345674
0.235876
0.46839
0.543976
0.284873
0.542563
0.238485
0.120176
0.422532
0.475705
0.421867
0.122232
0.529002
0.537381
0.47634
0.395905
0.0966351
0.150622
0.532211
0.477897
0.542531
0.341446
0.500659
0.561808
0.370255
0.351345
0.540117
0.348255
0.496301
0.440558
0.240002
0.350178
0.460657
0.435899
0.428666
0.350605
0.380521
0.336346
0.28824
0.504975
0.24986
0.333537
0.544037
0.485604
0.560562
0.416427
0.294667
0.44467
0.334483
0.297591
0.15001
0.23777
0.135604
0.541635
0.142675
0.512594
0.408356
0.490411
0.4765
0.411322
0.21565
0.399632
0.433733
0.179468
0.451587
0.472773
0.48079
0.335216
0.26113
0.372223
0.416494
0.249907
0.432952
0.350299
0.2223
0.298926
0.175963
0.525783
0.456143
0.12219
0.327204
0.556346
0.549933
0.335617
0.367728
0.546404
0.142113
0.346042
0.452469
0.506444
0.443305
0.333624
0.563662
0.438659
0.0998566
0.396706
0.413493
0.470127
0.0402346
0.388845
0.402682
0.501047
0.40419
0.101941
0.473393
0.466304
0.548178
0.436129
0.214641
0.427678
0.47817
0.483225
0.307653
0.435552
0.428782
0.439997
0.150294
0.46269
0.465853
0.488199
0.369456
0.228474
0.270102
0.157741
0.505132
0.419729
0.13327
0.499524
0.153108
0.489345
0.429376
0.413398
0.421086
0.289543
0.416241
0.159206
0.316453
0.431838
0.402068
0.470922
0.386382
0.470554
0.258433
0.370847
0.417253
0.444789
0.545608
0.236857
0.251698
0.10018
0.537858
0.501795
0.210707
0.261872
0.536191
0.294005
0.109248
0.240028
0.104359
0.117171
0.53567
0.492987
0.403321
0.560947
0.351915
0.160633
0.364622
0.504767
0.186065
0.556875
0.125209
0.496913
0.468818
0.151611
0.461953
0.472195
0.526487
0.492727
0.549783
0.445897
0.116751
0.478387
0.463994
0.403689
0.461199
0.558946
0.0980168
0.294555
0.199979
0.428508
0.26959
0.396169
0.163736
0.423971
0.0515448
0.300951
0.274866
0.224415
0.221889
0.445573
0.51439
0.54344
0.400526
0.336656
0.299914
0.328092
0.472968
0.375483
0.283423
0.367165
0.164928
0.281999
0.537777
0.235018
0.343473
0.176409
0.22566
0.482885
0.562324
0.120491
0.424727
0.529519
0.514503
0.151189
0.543845
0.491265
0.55913
0.544153
0.366682
0.333034
0.258354
0.295302
0.355253
0.478978
0.413551
0.257825
0.523291
0.444151
0.56412
0.518633
0.346645
0.461146
0.355423
0.149549
0.529778
0.306703
0.503048
0.44206
0.218293
0.123702
0.554104
0.392321
0.527435
0.414103
0.331655
0.510549
0.158706
0.544526
0.522342
0.252991
0.393982
0.51529
0.519412
0.154335
0.463032
0.352917
0.332072
0.373152
0.195891
0.205769
0.449202
0.298744
0.345245
0.416112
0.365093
0.558559
0.259448
0.251203
0.532777
0.413774
0.549426
0.543848
0.537416
0.471284
0.399284
0.540554
0.305748
0.539651
0.505637
0.407388
0.151755
0.558464
0.439896
0.346908
0.322301
0.517231
0.459531
0.527475
0.492461
0.179477
0.511617
0.470093
0.322001
0.445168
0.485925
0.39006
0.378682
0.453561
0.136417
0.439785
0.275512
0.545463
0.505558
0.30234
0.398227
0.351609
0.476582
0.453915
0.093314
0.49256
0.295479
0.544845
0.259361
0.506903
0.237162
0.511736
0.197464
0.507391
0.330523
0.275362
0.428859
0.187893
0.150462
0.331731
0.384985
0.501907
0.126885
0.155607
0.395319
0.415818
0.389482
0.463614
0.532838
0.560365
0.532511
0.442077
0.552826
0.500203
0.533951
0.473617
0.54156
0.492647
0.509513
0.287859
0.265801
0.348194
0.397855
0.493917
0.549682
0.497067
0.504588
0.410678
0.247391
0.414005
0.108619
0.550234
0.50248
0.377368
0.229374
0.558351
0.55163
0.0775304
0.349247
0.303136
0.548418
0.392629
0.441995
0.214746
0.551593
0.529132
0.243643
0.334679
0.267358
0.266897
0.261576
0.483448
0.465178
0.438304
0.421012
0.557526
0.336788
0.0199911
0.179659
0.289681
0.498427
0.295939
0.307025
0.267894
0.340821
0.307764
0.261203
0.375593
0.4431
0.500336
0.549739
0.161952
0.531111
0.550878
0.293868
0.503292
0.434703
0.427037
0.492474
0.498169
0.472586
0.340403
0.280409
0.465799
0.173626
0.48162
0.419913
0.234263
0.455186
0.0782043
0.542428
0.394774
0.512341
0.511783
0.46465
0.457428
0.140045
0.424696
0.404522
0.254723
0.539369
0.481645
0.511089
0.231802
0.183255
0.230639
0.473187
0.346431
0.521577
0.113798
0.493033
0.534785
0.479512
0.417733
0.492643
0.435637
0.406528
0.192142
0.326541
0.17585
0.497745
0.349037
0.420663
0.390969
0.552031
0.355057
0.327226
0.485447
0.553948
0.343415
0.057437
0.246151
0.261389
0.430456
0.42395
0.16574
0.366985
0.185005
0.258682
0.28104
0.350116
0.340336
0.516753
0.420886
0.348663
0.489359
0.327586
0.240987
0.35632
0.49724
0.521575
0.553674
0.310775
0.422388
0.303297
0.174367
0.331004
0.132016
0.263301
0.412101
0.560095
0.537328
0.480777
0.47183
0.473485
0.309626
0.541312
0.43978
0.562347
0.360082
0.168839
0.227147
0.301393
0.313612
0.155464
0.214881
0.0617098
0.149778
0.40242
0.452023
0.400177
0.435727
0.460822
0.443364
0.206008
0.514765
0.300183
0.527946
0.0675689
0.143503
0.32668
0.53289
0.536263
0.328916
0.295111
0.378803
0.383936
0.235354
0.473251
0.433367
0.322077
0.255332
0.318966
0.534638
0.388854
0.525815
0.379478
0.402237
0.524166
0.561605
0.346434
0.553544
0.484024
0.17361
0.372407
0.49801
0.313694
0.501457
0.2609
0.171508
0.210478
0.203145
0.554348
0.497078
0.328767
0.189357
0.267072
0.206732
0.4371
0.546627
0.534003
0.437212
0.16626
0.41156
0.395831
0.544982
0.170688
0.315282
0.419289
0.418502
0.483023
0.563174
0.411622
0.243714
0.242219
0.512323
0.528023
0.289662
0.246822
0.468278
0.354475
0.417399
0.11354
0.464397
0.287775
0.456149
0.326519
0.319932
0.404907
0.455181
0.500352
0.4982
0.319631
0.319962
0.407552
0.215445
0.514846
0.471402
0.341933
0.336399
0.220732
0.432458
0.506261
0.521223
0.414804
0.564176
0.259361
0.506374
0.534069
0.342048
0.403984
0.289795
0.291517
0.198364
0.444919
0.140689
0.18894
0.533083
0.501814
0.206412
0.443374
0.430347
0.438988
0.279873
0.511349
0.276903
0.407182
0.268807
0.27334
0.559655
0.540055
0.523255
0.439197
0.544743
0.323518
0.320451
0.137726
0.415108
0.333481
0.550913
0.305084
0.402437
0.347275
0.4915
0.233729
0.381324
0.452921
0.367853
0.501067
0.42936
0.511426
0.343595
0.413756
0.237996
0.486624
0.350634
0.420213
0.395862
0.272068
0.339826
0.402426
0.536101
0.223405
0.297659
0.246176
0.52689
0.254344
0.479851
0.486164
0.482534
0.167109
0.389036
0.334666
0.490375
0.51978
0.271716
0.279459
0.441224
0.245862
0.472895
0.512572
0.323991
0.402546
0.560476
0.376905
0.477939
0.0852581
0.506432
0.563025
0.4621
0.525722
0.298667
0.540995
0.401925
0.447839
0.468467
0.478367
0.452323
0.517839
0.533972
0.533204
0.434172
0.257725
0.204476
0.447512
0.292724
0.329497
0.398487
0.320205
0.484989
0.392584
0.496056
0.495872
0.211189
0.551366
0.458323
0.329391
0.505029
0.0993812
0.396246
0.31517
0.512825
0.146021
0.50999
0.553321
0.476863
0.508643
0.389969
0.481122
0.284098
0.454619
0.495012
0.219413
0.549409
0.546528
0.266643
0.142713
0.354209
0.431785
0.138993
0.145482
0.410757
0.435712
0.550403
0.443094
0.397031
0.229354
0.397804
0.436096
0.44386
0.339482
0.233657
0.465178
0.435212
0.55563
0.535341
0.239097
0.391521
0.488487
0.291672
0.532588
0.540515
0.168353
0.4026
0.317944
0.411175
0.484735
0.395244
0.366421
0.28797
0.43869
0.382583
0.369615
0.356188
0.507671
0.331432
0.0125589
0.323115
0.426378
0.168989
0.52122
0.365953
0.223134
0.533404
0.526855
0.270383
0.180552
0.287485
0.518631
0.275822
0.557201
0.255498
0.503846
0.102024
0.43474
0.30564
0.367326
0.319405
0.47959
0.403624
0.53268
0.188129
0.488816
0.303021
0.278842
0.365475
0.473518
0.545195
0.338909
0.456903
0.473465
0.317602
0.14993
0.536502
0.523098
0.545756
0.467797
0.435536
0.524502
0.435744
0.367318
0.0447236
0.441343
0.476639
0.417376
0.111951
0.491294
0.396609
0.400833
0.332935
0.478507
0.475023
0.315603
0.269491
0.461321
0.530971
0.209251
0.543393
0.499924
0.23987
0.110692
0.550351
0.446612
0.496124
0.323633
0.283107
0.549452
0.363596
0.336087
0.160765
0.457345
0.0858348
0.0705926
0.19786
0.145562
0.490976
0.108486
0.366635
0.416119
0.480628
0.222313
0.423487
0.344903
0.167679
0.42034
0.205204
0.339038
0.293689
0.266151
0.264232
0.385517
0.364104
0.535898
0.463686
0.36667
0.533299
0.540583
0.546005
0.143082
0.553145
0.374151
0.401048
0.380266
0.195172
0.3099
0.526018
0.473312
0.455741
0.478757
0.331586
0.361035
0.348623
0.30873
0.459093
0.440803
0.432766
0.525272
0.293862
0.437207
0.52241
0.557298
0.535175
0.495027
0.531925
0.454129
0.282771
0.539855
0.37494
0.483819
0.449542
0.364759
0.188252
0.255374
0.371776
0.559551
0.492689
0.560164
0.0997907
0.504555
0.494822
0.244872
0.131078
0.243379
0.42516
0.307332
0.250051
0.357204
0.179622
0.426967
0.445862
0.37309
0.459215
0.412185
0.454148
0.251585
0.108724
0.223178
0.543488
0.266459
0.526877
0.383335
0.523286
0.338621
0.328122
0.481432
0.563562
0.451088
0.543852
0.193668
0.359751
0.401328
0.315778
0.147697
0.511587
0.147297
0.43261
0.488337
0.416601
0.534135
0.16097
0.210592
0.457438
0.404521
0.226229
0.321428
0.214032
0.500269
0.363993
0.441014
0.345347
0.292407
0.425022
0.18629
0.354926
0.380232
0.491237
0.415042
0.380882
0.529765
0.438274
0.233627
0.548887
0.449881
0.401647
0.517592
0.366601
0.267482
0.477449
0.320228
0.397816
0.201993
0.323061
0.47692
0.470553
0.224933
0.372721
0.189115
0.354886
0.549375
0.547449
0.360826
0.36164
0.391776
0.302368
0.345943
0.0535883
0.447264
0.419492
0.413389
0.203219
0.423412
0.039576
0.471942
0.30329
0.520831
0.554489
0.114087
0.278602
0.325515
0.492946
0.327508
0.399335
0.130415
0.108327
0.43887
0.499859
0.480708
0.240119
0.328281
0.276536
0.504277
0.551772
0.308925
0.0748634
0.542209
0.545577
0.345783
0.231641
0.225285
0.509127
0.39893
0.558668
0.441924
0.510564
0.525687
0.313231
0.388648
0.352371
0.0690654
0.523638
0.501997
0.522555
0.558119
0.287498
0.28706
0.551996
0.349987
0.445694
0.410365
0.435002
0.315676
0.458246
0.443465
0.52951
0.315363
0.281846
0.328455
0.300874
0.505231
0.515451
0.445566
0.398829
0.480064
0.418916
0.0781161
0.250331
0.501184
0.504228
0.345858
0.534647
0.553671
0.232928
0.483191
0.420148
0.447732
0.4474
0.546471
0.544017
0.444955
0.485203
0.388736
0.090747
0.509408
0.438139
0.541452
0.439694
0.0204889
0.229483
0.442503
0.522492
0.403889
0.251473
0.113681
0.339812
0.096101
0.450114
0.418622
0.0896703
0.421724
0.463195
0.342374
0.317268
0.527103
0.134657
0.361425
0.283148
0.236789
0.392943
0.455053
0.440679
0.500861
0.476327
0.507931
0.294998
0.545591
0.227436
0.276893
0.270429
0.363846
0.559531
0.42783
0.427202
0.273676
0.467769
0.25318
0.414748
0.418778
0.544907
0.507943
0.544493
0.557005
0.465232
0.282493
0.449669
0.361032
0.287494
0.20035
0.365056
0.414795
0.445877
0.205646
0.550447
0.253037
0.478658
0.335826
0.509605
0.252124
0.334164
0.0613555
0.494604
0.512537
0.387163
0.427594
0.535233
0.157066
0.426984
0.343004
0.176443
0.504746
0.54805
0.221758
0.41891
0.49786
0.372217
0.311271
0.52203
0.108356
0.54674
0.367
0.470107
0.562159
0.279803
0.492315
0.407616
0.525026
0.448709
0.537115
0.451972
0.146711
0.392387
0.43794
0.485873
0.513841
0.212778
0.40528
0.452503
0.376407
0.540298
0.474483
0.270996
0.447229
0.529068
0.437331
0.428683
0.223842
0.430839
0.555854
0.0816819
0.300127
0.170408
0.291588
0.30676
0.453653
0.36963
0.561365
0.195712
0.37394
0.246548
0.4177
0.317578
0.282863
0.458396
0.520193
0.53481
0.21546
0.230745
0.299009
0.477668
0.336346
0.303107
0.563614
0.481155
0.542857
0.1443
0.377539
0.0492859
0.286781
0.402832
0.220266
0.482146
0.308297
0.417425
0.241079
0.480019
0.2727
0.418463
0.56203
0.436183
0.451992
0.0823595
0.220262
0.452996
0.0621141
0.476721
0.448821
0.242514
0.348799
0.500807
0.521571
0.484163
0.271837
0.485851
0.471519
0.265742
0.480088
0.484269
0.456027
0.38605
0.217528
0.380101
0.385497
0.4388
0.424131
0.225077
0.523921
0.384204
0.148633
0.381369
0.387628
0.438199
0.47912
0.479846
0.397309
0.518393
0.257571
0.550243
0.320867
0.205391
0.368181
0.409124
0.545926
0.400439
0.456938
0.344689
0.296599
0.543499
0.529104
0.438505
0.522612
0.211156
0.259935
0.414589
0.435317
0.496969
0.446135
0.306875
0.335957
0.380481
0.480192
0.124936
0.227902
0.368212
0.479644
0.29496
0.484314
0.546395
0.411667
0.213091
0.420405
0.0764701
0.492503
0.315142
0.529193
0.435881
0.482803
0.497429
0.495291
0.483777
0.404275
0.45612
0.557691
0.114895
0.0669526
0.467842
0.50522
0.274525
0.292195
0.0526406
0.315436
0.460825
0.490648
0.105905
0.254586
0.272117
0.496113
0.47966
0.151021
0.281514
0.382155
0.21043
0.143513
0.393741
0.506027
0.337321
0.54755
0.269774
0.480818
0.504416
0.355695
0.308406
0.168638
0.430295
0.280123
0.270917
0.33612
0.28575
0.331119
0.129157
0.50438
0.375458
0.288991
0.466113
0.416825
0.491863
0.12569
0.21866
0.402494
0.499641
0.276635
0.468438
0.299397
0.561657
0.372634
0.477507
0.285214
0.236392
0.421821
0.559609
0.254086
0.500904
0.550353
0.47905
0.251194
0.451349
0.339376
0.353217
0.41089
0.349441
0.373231
0.262629
0.52824
0.341414
0.454346
0.46929
0.380547
0.361285
0.534859
0.537466
0.403684
0.384356
0.260328
0.325165
0.491795
0.395155
0.46639
0.258942
0.330679
0.463655
0.536601
0.401789
0.525249
0.563962
0.377809
0.494531
0.559452
0.539095
0.213876
0.286003
0.557612
0.36275
0.544754
0.0666849
0.504081
0.409775
0.146192
0.381475
0.483842
0.508815
0.478876
0.349034
0.377837
0.523511
0.492853
0.401204
0.113575
0.166979
0.241074
0.435024
0.313418
0.458686
0.529747
0.419771
0.536231
0.404858
0.420403
0.539081
0.330246
0.427867
0.275508
0.511049
0.0533402
0.269098
0.398756
0.455061
0.0366779
0.0995244
0.56329
0.370461
0.370596
0.478657
0.323797
0.525638
0.435834
0.418466
0.217177
0.349401
0.560844
0.302137
0.0698889
0.536162
0.445454
0.271524
0.486967
0.560122
0.408821
0.519694
0.416012
0.101838
0.436962
0.415638
0.441209
0.392931
0.215782
0.398488
0.348518
0.368298
0.164138
0.404512
0.505726
0.270537
0.396598
0.100565
0.562365
0.38567
0.453749
0.135515
0.454406
0.427538
0.345684
0.414043
0.471077
0.264994
0.49563
0.390379
0.444465
0.48078
0.526781
0.166572
0.0790093
0.439562
0.526707
0.0487839
0.458036
0.375377
0.087447
0.493721
0.475141
0.287879
0.510502
0.411449
0.461779
0.261551
0.125383
0.150383
0.172052
0.0187593
0.430084
0.463825
0.265217
0.0496945
0.354024
0.463367
0.496789
0.257467
0.187083
0.0955417
0.557609
0.258435
0.400091
0.553922
0.520062
0.478368
0.478646
0.498171
0.499971
0.449416
0.367166
0.187279
0.537978
0.444737
0.402097
0.539707
0.0529112
0.511196
0.548471
0.425969
0.463584
0.371375
0.274436
0.465966
0.318994
0.52562
0.440937
0.509085
0.285739
0.0710535
0.42592
0.384879
0.389139
0.423208
0.535257
0.367661
0.310955
0.386512
0.0341445
0.421341
0.439672
0.561737
0.260924
0.488056
0.136021
0.535383
0.405147
0.544926
0.52656
0.513332
0.406167
0.439723
0.330157
0.391216
0.213472
0.214285
0.40144
0.119468
0.439212
0.444476
0.288299
0.441058
0.385364
0.261469
0.498421
0.550161
0.419948
0.48578
0.0998304
0.263516
0.40539
0.327857
0.426972
0.522314
0.467991
0.257203
0.54888
0.269464
0.539441
0.513001
0.431502
0.2412
0.51039
0.393249
0.338933
0.399987
0.424747
0.501569
0.23956
0.244807
0.342144
0.557098
0.20683
0.488557
0.534293
0.56059
0.250835
0.205656
0.236691
0.124619
0.561189
0.47811
0.462236
0.412252
0.425012
0.458601
0.498187
0.446295
0.510865
0.179342
0.28468
0.19465
0.419782
0.354161
0.505482
0.283971
0.510146
0.316976
0.175856
0.531912
0.552611
0.26117
0.413585
0.470782
0.413699
0.472191
0.461076
0.560757
0.181576
0.512979
0.351593
0.18478
0.507601
0.418361
0.40387
0.354456
0.511304
0.506529
0.248636
0.197088
0.555127
0.341817
0.239827
0.550117
0.113573
0.144194
0.512771
0.212442
0.561454
0.35923
0.479988
0.459943
0.52149
0.274875
0.365313
0.385165
0.163162
0.454079
0.519004
0.461353
0.391772
0.208328
0.433544
0.37831
0.495466
0.52504
0.374952
0.254593
0.360908
0.410274
0.468677
0.208008
0.415889
0.442796
0.422104
0.440807
0.495895
0.331658
0.544476
0.0669217
0.386286
0.486072
0.0153822
0.396234
0.495464
0.496942
0.255815
0.329499
0.418085
0.319584
0.4878
0.520963
0.293048
0.341462
0.336028
0.559089
0.382667
0.50715
0.365036
0.492432
0.442322
0.358294
0.289749
0.52352
0.298936
0.36345
0.49717
0.256888
0.360226
0.420356
0.51694
0.496147
0.416856
0.212386
0.482291
0.47666
0.438195
0.403845
0.306522
0.548722
0.136721
0.5581
0.195506
0.234722
0.0834612
0.503919
0.540971
0.179195
0.388821
0.399144
0.561176
0.541136
0.40951
0.442061
0.262501
0.323356
0.501201
0.46745
0.375948
0.47153
0.482118
0.533048
0.515875
0.482472
0.534309
0.523683
0.300654
0.505702
0.559157
0.38961
0.54118
0.15161
0.454431
0.483828
0.187873
0.464489
0.49912
0.493321
0.526353
0.309171
0.141836
0.262652
0.406053
0.490682
0.488299
0.441203
0.2506
0.534172
0.224248
0.247339
0.234746
0.441452
0.512344
0.559784
0.414201
0.451505
0.508049
0.441292
0.340578
0.412295
0.371577
0.22686
0.367739
0.327132
0.397077
0.18594
0.404405
0.251944
0.427646
0.288795
0.474763
0.299297
0.509032
0.348304
0.421691
0.250386
0.277259
0.54226
0.51507
0.53412
0.2782
0.40741
0.110171
0.52757
0.138529
0.289339
0.327136
0.445322
0.0715699
0.382241
0.443407
0.210534
0.339538
0.248489
0.29876
0.521866
0.553087
0.0606082
0.551537
0.440703
0.545015
0.0457314
0.367894
0.345124
0.186832
0.160628
0.328329
0.543053
0.294805
0.535581
0.493139
0.349043
0.496708
0.544931
0.234801
0.55729
0.364477
0.284588
0.335877
0.443945
0.332641
0.354819
0.36708
0.504241
0.166639
0.257996
0.402624
0.310069
0.35968
0.511033
0.235049
0.21636
0.47158
0.28366
0.396878
0.493622
0.417869
0.494755
0.469229
0.386563
0.164131
0.358287
0.0749227
0.35333
0.491905
0.278857
0.518692
0.436212
0.562951
0.307141
0.0416253
0.393254
0.420721
0.132384
0.34016
0.408649
0.354675
0.0983436
0.45852
0.523529
0.500432
0.561556
0.373662
0.271514
0.388184
0.339128
0.402588
0.495592
0.38058
0.475695
0.13537
0.429423
0.46101
0.495771
0.522351
0.476037
0.265919
0.473636
0.522897
0.522584
0.42877
0.166866
0.254967
0.387794
0.354703
0.160194
0.558336
0.126727
0.554302
0.170948
0.0557729
0.277967
0.467795
0.400773
0.510357
0.466061
0.557616
0.441593
0.337679
0.473063
0.249796
0.454975
0.53291
0.0890724
0.539882
0.559272
0.289224
0.508275
0.475951
0.539634
0.514234
0.367835
0.167978
0.525125
0.216759
0.511934
0.518502
0.241967
0.342159
0.415741
0.17367
0.414325
0.131351
0.556015
0.400429
0.284768
0.487374
0.549195
0.407717
0.271105
0.490616
0.334263
0.412548
0.390272
0.240786
0.297923
0.396008
0.329774
0.203002
0.538548
0.0853471
0.439552
0.374246
0.296891
0.171908
0.353103
0.311117
0.502787
0.492882
0.0748445
0.496202
0.372085
0.205262
0.449582
0.299677
0.515244
0.321818
0.353169
0.487418
0.26055
0.377977
0.382846
0.128761
0.357143
0.498665
0.504881
0.225638
0.270422
0.262613
0.368274
0.203692
0.477712
0.429577
0.452548
0.432105
0.465689
0.472828
0.380885
0.563672
0.217643
0.169142
0.42884
0.2974
0.135187
0.55268
0.302215
0.404443
0.509594
0.437046
0.379155
0.420108
0.514011
0.324405
0.46997
0.254875
0.0163438
0.182009
0.212486
0.556934
0.396157
0.421982
0.23041
0.209482
0.114646
0.563478
0.448173
0.411081
0.462244
0.544514
0.226357
0.351735
0.344023
0.149624
0.150048
0.498077
0.525261
0.458093
0.260961
0.493651
0.156304
0.555392
0.547735
0.550732
0.488008
0.434451
0.563185
0.249576
0.52189
0.316071
0.518432
0.337578
0.195491
0.529629
0.557882
0.296021
0.521979
0.258911
0.393679
0.256546
0.198714
0.551918
0.513614
0.511348
0.23934
0.448069
0.435259
0.180272
0.542272
0.413813
0.460035
0.320665
0.303315
0.465006
0.212929
0.541901
0.312649
0.276434
0.507182
0.183776
0.299602
0.381066
0.282937
0.526738
0.487294
0.50641
0.514286
0.293746
0.0715367
0.257371
0.405346
0.371089
0.111351
0.463993
0.378006
0.438908
0.421524
0.494678
0.472509
0.412111
0.376063
0.286336
0.117453
0.354218
0.541582
0.100616
0.412597
0.444498
0.314583
0.30944
0.514259
0.501962
0.558824
0.511638
0.516038
0.430152
0.49681
0.31668
0.241981
0.483146
0.297721
0.220351
0.475734
0.0656977
0.534627
0.509842
0.561104
0.45257
0.454389
0.489829
0.441148
0.456476
0.187616
0.424934
0.24295
0.420851
0.51648
0.467792
0.329961
0.453769
0.0367614
0.336127
0.400668
0.337085
0.414335
0.397741
0.559849
0.350546
0.310701
0.19399
0.0213933
0.229514
0.338508
0.313593
0.387196
0.544589
0.398377
0.474902
0.290511
0.246957
0.245594
0.488005
0.379079
0.410797
0.329096
0.416121
0.509854
0.445804
0.471111
0.531732
0.518204
0.523457
0.501694
0.494793
0.470416
0.335676
0.404285
0.16464
0.272807
0.447864
0.535135
0.414064
0.454631
0.343642
0.268473
0.495433
0.217236
0.484909
0.362964
0.200546
0.429281
0.26106
0.399458
0.277622
0.424095
0.42023
0.295037
0.219031
0.165077
0.516191
0.545149
0.469378
0.519709
0.336932
0.200038
0.515815
0.378146
0.258571
0.260779
0.493353
0.412566
0.286495
0.519123
0.260036
0.324818
0.515831
0.311174
0.45873
0.126477
0.44509
0.172316
0.503772
0.173518
0.489199
0.0967806
0.421166
0.516518
0.48678
0.3416
0.333237
0.333406
0.311999
0.503238
0.477762
0.197019
0.413428
0.517387
0.231976
0.335213
0.171518
0.315478
0.137428
0.267143
0.205266
0.479955
0.564158
0.186382
0.256882
0.278087
0.259053
0.34314
0.0849377
0.543099
0.543111
0.447725
0.322603
0.20426
0.554422
0.187502
0.313596
0.422973
0.344982
0.554661
0.180906
0.0616655
0.498831
0.419781
0.328564
0.143987
0.465927
0.350942
0.55091
0.177036
0.526504
0.479855
0.549904
0.460675
0.369626
0.514566
0.390295
0.214481
0.551204
0.285862
0.476656
0.350334
0.376985
0.538546
0.530983
0.50521
0.479912
0.507552
0.548544
0.501094
0.560886
0.480923
0.204648
0.323451
0.126297
0.265394
0.55209
0.523959
0.409714
0.36877
0.376723
0.400625
0.413569
0.0337826
0.287451
0.513691
0.0326516
0.305107
0.279234
0.551282
0.488971
0.28861
0.155465
0.228817
0.39443
0.392056
0.52877
0.555716
0.552733
0.339075
0.440417
0.448248
0.114372
0.466822
0.388646
0.324905
0.511618
0.490707
0.1276
0.466914
0.0574019
0.557812
0.236716
0.455207
0.102433
0.066862
0.122302
0.497074
0.227862
0.383347
0.3321
0.360548
0.514028
0.301139
0.269359
0.540157
0.461835
0.548773
0.131581
0.233676
0.216192
0.519998
0.256243
0.543989
0.563895
0.371293
0.11703
0.22674
0.416713
0.519243
0.507304
0.452191
0.403968
0.419434
0.551153
0.30404
0.540857
0.449369
0.230369
0.208577
0.148997
0.243739
0.508676
0.299629
0.317831
0.488256
0.353267
0.355015
0.499268
0.424857
0.482484
0.41362
0.270295
0.429525
0.31751
0.558696
0.301871
0.407599
0.217989
0.137712
0.333277
0.49053
0.537567
0.307064
0.395658
0.473784
0.2883
0.451453
0.315779
0.168312
0.502584
0.557401
0.552229
0.545694
0.198283
0.540554
0.315461
0.398714
0.529046
0.344116
0.371937
0.308481
0.418408
0.432782
0.430502
0.460656
0.401106
0.535398
0.338495
0.5155
0.312297
0.447144
0.520017
0.29185
0.345268
0.343128
0.437578
0.0558267
0.422161
0.199318
0.456498
0.222992
0.41533
0.158475
0.124443
0.462502
0.40315
0.468971
0.468143
0.479146
0.14341
0.539943
0.383458
0.515062
0.38648
0.462828
0.378755
0.416731
0.446636
0.525042
0.420611
0.222922
0.532378
0.184018
0.555423
0.498223
0.399313
0.212905
0.348081
0.342051
0.442933
0.551548
0.274692
0.187132
0.562177
0.309415
0.097578
0.485494
0.336068
0.357932
0.425424
0.235342
0.364575
0.0699977
0.474378
0.019074
0.258459
0.224747
0.114732
0.115703
0.519564
0.364607
0.279671
0.517666
0.367637
0.350775
0.494015
0.161877
0.435874
0.364831
0.520318
0.496051
0.406438
0.274399
0.448471
0.439272
0.362022
0.133931
0.191139
0.0952327
0.524298
0.318769
0.300766
0.339714
0.399495
0.510901
0.0977873
0.535058
0.242807
0.531123
0.460471
0.418113
0.409989
0.319064
0.263411
0.434825
0.239299
0.433459
0.424833
0.459649
0.436774
0.524158
0.427354
0.149934
0.557656
0.557729
0.290309
0.0431994
0.413184
0.261031
0.467982
0.490539
0.333393
0.518203
0.514473
0.376271
0.41398
0.555021
0.256207
0.549686
0.563387
0.278217
0.0868579
0.330977
0.169584
0.388372
0.146797
0.511838
0.459811
0.391058
0.446587
0.436863
0.0223556
0.351632
0.423745
0.538507
0.472898
0.547362
0.334786
0.558249
0.542952
0.385525
0.489089
0.346527
0.339112
0.547373
0.562803
0.385155
0.465713
0.525794
0.278623
0.555433
0.314998
0.151481
0.433843
0.226312
0.3062
0.407065
0.253505
0.276935
0.379455
0.433902
0.525926
0.438978
0.506936
0.548337
0.492537
0.130036
0.513518
0.437637
0.475344
0.373864
0.241312
0.457286
0.245463
0.341514
0.274239
0.558988
0.412879
0.531129
0.561409
0.485265
0.440947
0.293098
0.538994
0.347854
0.069536
0.311585
0.222403
0.468111
0.194904
0.49783
0.524103
0.396657
0.399942
0.46662
0.412233
0.485847
0.390043
0.488622
0.297108
0.533253
0.328061
0.450029
0.408973
0.358558
0.283637
0.51353
0.278456
0.119176
0.541394
0.304249
0.446905
0.424034
0.512357
0.466525
0.515536
0.277997
0.428237
0.553583
0.0884532
0.188495
0.102185
0.325785
0.111667
0.355631
0.537146
0.336243
0.44979
0.223473
0.528026
0.387993
0.423761
0.444265
0.342476
0.04146
0.492113
0.0925775
0.412135
0.388407
0.39915
0.273578
0.524479
0.315131
0.407358
0.495578
0.485901
0.267826
0.371209
0.487836
0.48168
0.441717
0.228353
0.310437
0.386141
0.523064
0.17493
0.482171
0.424064
0.219055
0.457428
0.146173
0.232103
0.382748
0.172546
0.559113
0.528071
0.547011
0.168848
0.324186
0.246515
0.468271
0.121219
0.521456
0.347538
0.357117
0.50696
0.259476
0.555013
0.467656
0.455964
0.369672
0.438464
0.556962
0.199025
0.390809
0.329262
0.308613
0.516831
0.511179
0.104374
0.253733
0.323002
0.482352
0.500038
0.259779
0.291662
0.434169
0.173981
0.284885
0.301048
0.32824
0.511807
0.553696
0.440878
0.131319
0.412572
0.402814
0.352488
0.343056
0.560214
0.549746
0.401174
0.502119
0.314718
0.497379
0.242101
0.50829
0.403119
0.343876
0.482968
0.264618
0.275744
0.467747
0.205537
0.43026
0.460647
0.171035
0.427949
0.544184
0.264946
0.364913
0.117909
0.137119
0.483631
0.100484
0.204944
0.483778
0.425246
0.240672
0.342747
0.503156
0.322972
0.465111
0.316368
0.488303
0.503055
0.555432
0.312907
0.489148
0.351117
0.379429
0.409268
0.202699
0.360985
0.390569
0.383956
0.051449
0.492937
0.527136
0.531837
0.48042
0.43257
0.53557
0.205535
0.416413
0.454795
0.26054
0.231132
0.481291
0.504184
0.0916288
0.312256
0.30392
0.14932
0.293674
0.491365
0.259983
0.526772
0.433918
0.437001
0.341482
0.178446
0.321917
0.490186
0.138295
0.5179
0.279326
0.462997
0.468749
0.458516
0.460258
0.241734
0.372581
0.43936
0.402677
0.421886
0.536582
0.354751
0.526729
0.263624
0.409956
0.54118
0.158761
0.51983
0.55845
0.494481
0.34476
0.527833
0.46569
0.484951
0.419703
0.527622
0.540291
0.318141
0.21596
0.419485
0.279749
0.225792
0.532412
0.0737023
0.509503
0.481896
0.434183
0.485053
0.4927
0.421407
0.427868
0.311293
0.419367
0.0444214
0.245573
0.248869
0.286319
0.415856
0.24057
0.500261
0.552092
0.5558
0.529371
0.413163
0.296576
0.267541
0.353719
0.291164
0.293997
0.504215
0.472037
0.0383636
0.475497
0.184988
0.529506
0.16517
0.386088
0.471068
0.482513
0.0269566
0.342302
0.470049
0.187123
0.513333
0.423492
0.429853
0.242768
0.532877
0.25862
0.414117
0.550978
0.173212
0.215795
0.504204
0.147236
0.452622
0.208515
0.470636
0.284387
0.319653
0.165439
0.225601
0.32879
0.534602
0.361419
0.0719011
0.555077
0.389102
0.150351
0.432213
0.43111
0.329231
0.270859
0.470855
0.208168
0.144348
0.234089
0.336663
0.419692
0.363062
0.532648
0.297922
0.385143
0.247477
0.498959
0.303914
0.53073
0.441738
0.224973
0.34999
0.48204
0.533153
0.476234
0.213051
0.459827
0.270821
0.447713
0.487424
0.409344
0.360053
0.559946
0.180641
0.550092
0.421149
0.181021
0.262293
0.421534
0.261068
0.481285
0.398467
0.387365
0.518457
0.470981
0.366079
0.111863
0.476893
0.308692
0.36691
0.239456
0.419505
0.197232
0.556365
0.114059
0.537296
0.533504
0.384926
0.341367
0.546114
0.308183
0.523277
0.51609
0.37137
0.145134
0.241815
0.39997
0.518326
0.414085
0.414593
0.493753
0.347296
0.411541
0.457716
0.550189
0.27195
0.55501
0.417581
0.148997
0.244769
0.349399
0.539478
0.554136
0.342217
0.444894
0.53493
0.539317
0.499855
0.414324
0.0394446
0.219693
0.371937
0.309163
0.498237
0.301575
0.173078
0.473489
0.40273
0.520487
0.167457
0.449918
0.292888
0.37423
0.448135
0.472282
0.262936
0.359003
0.196147
0.371696
0.523478
0.541755
0.550198
0.475845
0.439384
0.44279
0.30509
0.46326
0.422791
0.272341
0.252824
0.0894596
0.42439
0.491887
0.295007
0.244618
0.395236
0.15012
0.541817
0.383276
0.38268
0.334427
0.308
0.536927
0.547411
0.274077
0.301882
0.531197
0.499824
0.531858
0.534089
0.380795
0.343125
0.396262
0.556726
0.305858
0.379366
0.072583
0.232368
0.553344
0.136726
0.136639
0.505872
0.138626
0.465904
0.292474
0.445508
0.486533
0.469303
0.208909
0.345593
0.261126
0.314966
0.108725
0.229691
0.461361
0.523134
0.539343
0.286603
0.185356
0.139405
0.190543
0.0693135
0.463243
0.473957
0.540618
0.558748
0.32896
0.506067
0.390187
0.475195
0.546092
0.101384
0.481768
0.129368
0.466655
0.279056
0.478136
0.0171562
0.414995
0.357053
0.357198
0.52558
0.335481
0.439238
0.522816
0.336326
0.426949
0.501324
0.250307
0.220749
0.560161
0.517847
0.318702
0.105868
0.50314
0.403546
0.428471
0.425754
0.045745
0.395474
0.00371888
0.482123
0.206005
0.490095
0.334046
0.519265
0.560476
0.39811
0.387778
0.488976
0.407099
0.458815
0.214537
0.2656
0.488854
0.275159
0.464057
0.434566
0.298149
0.436033
0.477056
0.410289
0.323083
0.385
0.346479
0.437645
0.168873
0.499597
0.537841
0.510893
0.43278
0.392949
0.531685
0.237076
0.464027
0.195637
0.53359
0.329738
0.529375
0.486401
0.542524
0.553717
0.521518
0.513597
0.525085
0.547182
0.551727
0.464343
0.436521
0.254479
0.341418
0.503126
0.492604
0.415948
0.241177
0.263962
0.551157
0.400703
0.510838
0.459017
0.551228
0.45723
0.402396
0.44484
0.342522
0.452149
0.396779
0.441817
0.514854
0.213606
0.223879
0.389037
0.349215
0.193292
0.48416
0.160143
0.193557
0.206983
0.165549
0.167587
0.545614
0.39622
0.262436
0.413003
0.320089
0.504194
0.417884
0.369235
0.42465
0.364503
0.270808
0.281039
0.337784
0.389952
0.0297884
0.521019
0.313857
0.249966
0.218666
0.454194
0.354411
0.216637
0.0978309
0.333933
0.525156
0.517845
0.283291
0.385287
0.160127
0.517835
0.467804
0.545752
0.376697
0.376767
0.288068
0.423379
0.401347
0.186004
0.498308
0.0656426
0.405145
0.521185
0.37726
0.528585
0.448853
0.469436
0.47777
0.401931
0.528547
0.396048
0.091769
0.459644
0.326887
0.0636642
0.0519395
0.374636
0.476258
0.327539
0.424784
0.377575
0.372923
0.163381
0.365877
0.261885
0.299343
0.29965
0.557478
0.396451
0.526665
0.456388
0.520165
0.342476
0.55912
0.311256
0.33162
0.433664
0.552399
0.528649
0.270784
0.423249
0.480682
0.527829
0.386536
0.552389
0.294504
0.417004
0.4534
0.32952
0.294462
0.284352
0.286452
0.416863
0.366188
0.287981
0.545806
0.43187
0.552239
0.405788
0.347611
0.184042
0.376845
0.333933
0.525421
0.427704
0.529233
0.5156
0.48876
0.341256
0.551783
0.555249
0.409568
0.204642
0.260342
0.4846
0.427507
0.558738
0.494365
0.328956
0.466746
0.477252
0.352192
0.340435
0.352951
0.440956
0.466096
0.477535
0.45428
0.402436
0.322391
0.536026
0.543389
0.41692
0.554058
0.506864
0.184823
0.455934
0.050604
0.258611
0.305094
0.505204
0.364214
0.20606
0.549864
0.322978
0.539477
0.526129
0.517544
0.503104
0.434504
0.380849
0.409038
0.240979
0.247795
0.175517
0.433134
0.460963
0.385978
0.259522
0.262107
0.362473
0.309376
0.485927
0.434691
0.129718
0.387004
0.152241
0.497101
0.429454
0.144907
0.474729
0.426277
0.407015
0.0693048
0.440597
0.561715
0.524684
0.475836
0.198946
0.515825
0.552712
0.223471
0.51635
0.435362
0.528081
0.409831
0.38796
0.252429
0.38983
0.559697
0.34674
0.220116
0.28649
0.469327
0.303203
0.161069
0.512951
0.531993
0.38493
0.415639
0.441833
0.420272
0.207338
0.523373
0.197991
0.509684
0.391492
0.415805
0.543498
0.5037
0.281021
0.511764
0.450252
0.185172
0.383416
0.196607
0.556437
0.296157
0.18735
0.314483
0.553241
0.56345
0.545711
0.18302
0.445496
0.237656
0.249794
0.438204
0.551485
0.426
0.129205
0.379831
0.458769
0.544766
0.471401
0.311869
0.407768
0.368703
0.516472
0.294077
0.290711
0.33782
0.490987
0.423212
0.158177
0.143492
0.234244
0.249865
0.394885
0.380432
0.501174
0.283921
0.320891
0.553557
0.40193
0.513
0.397803
0.434046
0.373336
0.333135
0.497647
0.263706
0.51098
0.301692
0.514995
0.505688
0.277233
0.227192
0.340922
0.541129
0.228623
0.50793
0.278617
0.496557
0.0782391
0.26012
0.448426
0.399678
0.411224
0.53444
0.291694
0.427333
0.19345
0.553602
0.210434
0.214804
0.296147
0.498733
0.33659
0.546168
0.372594
0.196891
0.528697
0.536074
0.451269
0.406704
0.464269
0.554279
0.483034
0.418617
0.505352
0.314243
0.56125
0.330569
0.518063
0.228168
0.520138
0.53889
0.380926
0.453085
0.297415
0.405641
0.148533
0.534589
0.471268
0.475864
0.425857
0.447537
0.364524
0.111708
0.532049
0.449538
0.262788
0.309107
0.55594
0.167636
0.501969
0.337562
0.41869
0.102959
0.476396
0.315541
0.232972
0.506398
0.238861
0.404518
0.0939234
0.500689
0.43212
0.337596
0.496645
0.454154
0.38887
0.411445
0.395223
0.409073
0.475372
0.510156
0.52148
0.475922
0.377449
0.352022
0.12675
0.298121
0.482103
0.193207
0.562149
0.453185
0.129099
0.0644524
0.329223
0.550526
0.510317
0.41615
0.170024
0.343595
0.403122
0.401202
0.549377
0.152677
0.503168
0.558982
0.244605
0.226751
0.505321
0.447377
0.530774
0.152913
0.44217
0.318754
0.49908
0.457933
0.376205
0.53163
0.193276
0.355303
0.429033
0.558235
0.166616
0.50459
0.458837
0.259131
0.402251
0.393775
0.273869
0.297564
0.264831
0.253768
0.294622
0.257841
0.311739
0.283776
0.559996
0.146558
0.196191
0.331046
0.396892
0.335992
0.476484
0.484567
0.527339
0.244031
0.32517
0.541738
0.550922
0.512648
0.374828
0.298907
0.402797
0.461479
0.431188
0.531732
0.515855
0.441179
0.155064
0.431613
0.280483
0.525873
0.453105
0.247253
0.541097
0.311367
0.55998
0.18512
0.38187
0.459453
0.179609
0.315859
0.497514
0.272319
0.431014
0.551398
0.41078
0.440904
0.281568
0.145549
0.419295
0.504383
0.439814
0.429573
0.393413
0.236864
0.343568
0.418054
0.551888
0.158319
0.376731
0.506986
0.446611
0.475334
0.550539
0.421993
0.462436
0.293883
0.283633
0.468818
0.179168
0.554855
0.382797
0.151016
0.224287
0.196452
0.492132
0.0529906
0.290169
0.477953
0.487321
0.260224
0.392385
0.410556
0.531865
0.30832
0.315368
0.355032
0.361671
0.45834
0.215493
0.538114
0.333815
0.473545
0.300067
0.244022
0.198073
0.407132
0.148677
0.225932
0.264615
0.229319
0.456149
0.34569
0.493961
0.288452
0.280986
0.501914
0.380828
0.466185
0.168128
0.407672
0.315226
0.468304
0.451005
0.550206
0.250441
0.47543
0.480934
0.458681
0.463942
0.54982
0.49663
0.525113
0.391204
0.462584
0.405096
0.483377
0.145383
0.0208012
0.519057
0.432097
0.319716
0.25345
0.486392
0.382836
0.461043
0.342795
0.41362
0.279105
0.223921
0.381758
0.209455
0.379739
0.552685
0.421059
0.172723
0.265747
0.524492
0.129137
0.407713
0.135251
0.528898
0.208885
0.519472
0.336874
0.121758
0.495121
0.520324
0.205985
0.326495
0.400984
0.490579
0.363412
0.320171
0.424862
0.546
0.479179
0.476158
0.310744
0.41429
0.410117
0.532317
0.476244
0.458225
0.428449
0.414755
0.532864
0.391354
0.518962
0.339826
0.400403
0.211303
0.39979
0.275508
0.512808
0.187765
0.410791
0.181576
0.517481
0.314997
0.118849
0.509649
0.423126
0.261259
0.561866
0.525459
0.456942
0.434237
0.254135
0.19659
0.445865
0.41992
0.397464
0.330079
0.487126
0.225715
0.140173
0.37871
0.493237
0.396773
0.328543
0.322682
0.504663
0.422443
0.473613
0.465497
0.275564
0.383948
0.467313
0.470325
0.512085
0.555496
0.104168
0.547975
0.516795
0.528654
0.404977
0.461744
0.404966
0.251499
0.48191
0.304843
0.486498
0.535492
0.476829
0.175923
0.204611
0.410494
0.26901
0.041166
0.390167
0.528438
0.376203
0.507024
0.462218
0.451914
0.302021
0.319111
0.499848
0.232051
0.244805
0.313685
0.396505
0.210587
0.41577
0.358909
0.416529
0.485137
0.157986
0.531456
0.323912
0.502042
0.282475
0.158443
0.406712
0.102353
0.216222
0.410165
0.550173
0.293078
0.318655
0.378336
0.510231
0.547175
0.423643
0.31934
0.400111
0.509845
0.221966
0.369953
0.42555
0.515767
0.512939
0.276135
0.171269
0.508458
0.425819
0.546922
0.552937
0.282931
0.475187
0.427083
0.517249
0.450552
0.360351
0.326678
0.514642
0.44209
0.429762
0.127588
0.409875
0.351999
0.25274
0.496563
0.333154
0.3688
0.4346
0.516411
0.535501
0.254341
0.45747
0.141406
0.497981
0.503037
0.116408
0.397565
0.434366
0.202627
0.528326
0.250079
0.211558
0.242427
0.213629
0.469888
0.202908
0.53635
0.275192
0.444193
0.556928
0.214358
0.223083
0.466221
0.534801
0.459239
0.47501
0.455645
0.150502
0.55809
0.421776
0.562186
0.514325
0.344455
0.497989
0.248823
0.121865
0.217233
0.465917
0.534183
0.486438
0.512181
0.242275
0.291065
0.262037
0.388719
0.326616
0.466835
0.214211
0.515957
0.232138
0.319359
0.217598
0.128451
0.248986
0.319931
0.380908
0.538158
0.521445
0.504076
0.294769
0.50481
0.35417
0.211037
0.4218
0.152333
0.285784
0.344839
0.487101
0.528253
0.178959
0.0856055
0.546918
0.480285
0.490181
0.507712
0.409669
0.398193
0.552656
0.523077
0.499433
0.294662
0.377486
0.533939
0.563348
0.529248
0.459189
0.306272
0.519671
0.296105
0.384954
0.40409
0.487787
0.260692
0.342189
0.441824
0.218771
0.157896
0.346434
0.551777
0.440784
0.472074
0.521378
0.168922
0.453161
0.537315
0.559631
0.408416
0.32895
0.384319
0.486311
0.308717
0.27352
0.251507
0.546749
0.550814
0.424023
0.329382
0.395552
0.304623
0.457319
0.4965
0.0977523
0.413912
0.558339
0.259656
0.529207
0.359816
0.56406
0.311518
0.555383
0.367137
0.556275
0.48415
0.414696
0.295839
0.22957
0.477263
0.555442
0.525892
0.479088
0.188626
0.447525
0.524154
0.333401
0.195396
0.536625
0.519021
0.451338
0.519498
0.49804
0.537157
0.562736
0.391727
0.304393
0.292344
0.438757
0.413195
0.462027
0.328742
0.287262
0.160161
0.36508
0.387832
0.545139
0.217237
0.49233
0.319345
0.469819
0.475218
0.177997
0.532699
0.245285
0.485408
0.560403
0.228818
0.408897
0.184265
0.497387
0.427093
0.318636
0.506452
0.151914
0.41272
0.552453
0.0926775
0.403589
0.360822
0.296219
0.106105
0.378334
0.484118
0.541807
0.532123
0.507786
0.386797
0.438849
0.507378
0.445327
0.289051
0.411378
0.431308
0.339782
0.547104
0.385589
0.328501
0.527633
0.426132
0.0650415
0.342279
0.528168
0.349711
0.359382
0.400692
0.354894
0.273251
0.372261
0.098015
0.284229
0.424638
0.529163
0.543107
0.34983
0.504985
0.473607
0.36209
0.455724
0.537934
0.208623
0.154302
0.209475
0.533081
0.462957
0.489648
0.292448
0.50922
0.408416
0.332939
0.533472
0.466822
0.386193
0.555176
0.306673
0.506648
0.418318
0.443897
0.191583
0.0345074
0.527111
0.391005
0.366019
0.471817
0.0806452
0.355804
0.344057
0.309239
0.287409
0.412544
0.300637
0.300808
0.467337
0.537919
0.299018
0.0856596
0.369557
0.199381
0.557841
0.537999
0.504238
0.541519
0.367443
0.52805
0.501905
0.548771
0.539697
0.358739
0.183065
0.399413
0.334328
0.504399
0.384168
0.43867
0.410393
0.512105
0.135936
0.464333
0.205332
0.222192
0.483754
0.309092
0.391629
0.276165
0.555711
0.452068
0.459709
0.407654
0.406284
0.446288
0.400432
0.342727
0.145384
0.0971515
0.336397
0.178234
0.329631
0.222386
0.298908
0.409467
0.493055
0.0903954
0.379431
0.438742
0.519455
0.355743
0.192161
0.477677
0.512709
0.492496
0.541936
0.292858
0.398509
0.289989
0.25581
0.25733
0.359817
0.0983469
0.470446
0.507646
0.553833
0.439859
0.456452
0.547903
0.465518
0.294626
0.329119
0.334217
0.531887
0.420503
0.338732
0.3199
0.361951
0.333268
0.382026
0.548673
0.294002
0.550537
0.365248
0.545896
0.490778
0.484864
0.185747
0.480297
0.33998
0.136162
0.543645
0.279275
0.227076
0.432071
0.209766
0.31787
0.117837
0.227225
0.22707
0.374166
0.19551
0.295159
0.547046
0.182099
0.525282
0.512052
0.249325
0.287153
0.503136
0.295994
0.0357634
0.411947
0.316117
0.351434
0.260786
0.545774
0.485337
0.32106
0.46879
0.47232
0.17208
0.404291
0.33856
0.223056
0.119838
0.297896
0.45545
0.467138
0.124067
0.486626
0.380087
0.538111
0.230344
0.40332
0.546699
0.17588
0.319825
0.525964
0.47873
0.0271591
0.548918
0.374781
0.371252
0.361696
0.432094
0.231042
0.412672
0.52214
0.162793
0.30843
0.533234
0.295763
0.49854
0.271035
0.484783
0.553682
0.509168
0.477062
0.506302
0.100658
0.558312
0.455459
0.208939
0.115361
0.46601
0.392412
0.453049
0.418284
0.159056
0.501733
0.522718
0.555899
0.47404
0.163029
0.340725
0.512922
0.300949
0.248214
0.152179
0.500602
0.0748055
0.385055
0.44859
0.27772
0.369578
0.546971
0.503594
0.446082
0.501116
0.232815
0.552211
0.539427
0.123026
0.22327
0.17341
0.497206
0.124385
0.537748
0.419346
0.159681
0.320639
0.364242
0.244258
0.249837
0.48576
0.563281
0.533936
0.513003
0.46181
0.48384
0.484356
0.17432
0.388934
0.21928
0.519442
0.469357
0.496241
0.370252
0.292259
0.561971
0.144696
0.390702
0.540527
0.494746
0.281626
0.503603
0.20905
0.395024
0.268783
0.423695
0.4616
0.405959
0.475143
0.320487
0.284424
0.364338
0.535509
0.451501
0.444741
0.467742
0.533073
0.275464
0.414838
0.4001
0.325841
0.559888
0.469147
0.352122
0.497634
0.426252
0.361527
0.230907
0.277284
0.455087
0.295321
0.559926
0.539825
0.487252
0.456123
0.174887
0.547584
0.274895
0.0366685
0.562766
0.304992
0.412502
0.385908
0.326618
0.484658
0.407578
0.277405
0.252781
0.525332
0.438449
0.30095
0.268739
0.304973
0.538309
0.360593
0.407414
0.238943
0.438955
0.476709
0.141932
0.456182
0.552932
0.559441
0.283048
0.252696
0.439652
0.113782
0.430353
0.529571
0.486612
0.481943
0.558869
0.405838
0.411366
0.128675
0.277308
0.346459
0.527619
0.498968
0.484692
0.291184
0.530217
0.52668
0.407918
0.531772
0.147351
0.367719
0.421718
0.356791
0.406962
0.488938
0.425686
0.549907
0.505508
0.440023
0.307557
0.393743
0.535607
0.262715
0.29235
0.508857
0.561782
0.531223
0.279422
0.397995
0.446847
0.524245
0.35692
0.344234
0.483471
0.518436
0.421426
0.349797
0.427743
0.456273
0.332413
0.351132
0.0627287
0.493448
0.403997
0.501073
0.535547
0.516901
0.459108
0.338089
0.33929
0.31731
0.300804
0.430295
0.295424
0.262612
0.365524
0.431425
0.464087
0.152572
0.180131
0.270365
0.42788
0.511497
0.268019
0.53432
0.403752
0.339742
0.397272
0.29557
0.489738
0.535968
0.456936
0.297661
0.281615
0.381762
0.302771
0.292381
0.491509
0.464235
0.308353
0.353136
0.402627
0.36984
0.240933
0.0565971
0.205886
0.238705
0.429622
0.469196
0.509325
0.201658
0.248358
0.516595
0.544372
0.0476846
0.137587
0.407991
0.0733206
0.520801
0.329308
0.536367
0.277911
0.121645
0.318591
0.294429
0.262201
0.0448786
0.331497
0.297645
0.486495
0.47944
0.540375
0.173061
0.355534
0.285874
0.154887
0.470166
0.542201
0.384542
0.503886
0.221532
0.297962
0.477716
0.503948
0.386795
0.418911
0.505204
0.353461
0.447572
0.164075
0.369795
0.357454
0.41231
0.175952
0.462597
0.205638
0.497346
0.372617
0.0985554
0.523895
0.562036
0.554295
0.45708
0.280533
0.339739
0.354202
0.326797
0.543834
0.195398
0.54816
0.422428
0.12034
0.453975
0.525965
0.484829
0.308999
0.365441
0.355454
0.271112
0.545754
0.424007
0.44049
0.562842
0.50369
0.493354
0.437776
0.211497
0.514132
0.53429
0.502584
0.558439
0.197966
0.304864
0.354958
0.456518
0.20237
0.345574
0.418943
0.27917
0.145814
0.446894
0.158172
0.560597
0.457748
0.409307
0.509657
0.559943
0.54689
0.197971
0.351449
0.491558
0.251589
0.212399
0.0935243
0.516314
0.445466
0.496187
0.448597
0.423897
0.474826
0.380735
0.553944
0.195067
0.195155
0.54993
0.210736
0.525599
0.365368
0.419795
0.549062
0.501138
0.33274
0.526397
0.498187
0.447491
0.281877
0.285308
0.0702636
0.463933
0.39376
0.428261
0.10657
0.462324
0.504894
0.516484
0.543142
0.344566
0.50172
0.218021
0.497883
0.444019
0.517149
0.243176
0.330519
0.168646
0.481737
0.398017
0.416742
0.189539
0.523786
0.0298491
0.117892
0.52273
0.448549
0.325905
0.237477
0.476854
0.324302
0.215716
0.562262
0.335056
0.414831
0.264844
0.420812
0.196632
0.400693
0.368551
0.539219
0.229913
0.107942
0.257718
0.552392
0.382084
0.311138
0.388438
0.502465
0.463155
0.364426
0.288247
0.0838424
0.229576
0.524959
0.540065
0.367274
0.30892
0.520013
0.0758226
0.420391
0.359223
0.382394
0.502085
0.39257
0.253138
0.361658
0.217714
0.481489
0.529906
0.397528
0.0351531
0.280965
0.235094
0.286151
0.384907
0.445438
0.388719
0.324535
0.201935
0.173768
0.324424
0.330866
0.256451
0.420872
0.488417
0.457486
0.519736
0.514214
0.33251
0.507478
0.561653
0.245821
0.452647
0.303199
0.550512
0.558754
0.475637
0.214252
0.494825
0.329992
0.478468
0.500136
0.344926
0.538442
0.562146
0.378975
0.339514
0.315502
0.523934
0.242735
0.111238
0.336189
0.476515
0.305019
0.360523
0.527051
0.207859
0.294929
0.500616
0.479115
0.378417
0.112054
0.556196
0.209748
0.544911
0.0658859
0.255735
0.237496
0.247372
0.0939859
0.360005
0.232781
0.195603
0.244977
0.493343
0.106951
0.552793
0.52096
0.142253
0.389706
0.538231
0.0554892
0.428226
0.379487
0.517097
0.336334
0.515131
0.239488
0.342027
0.491538
0.235907
0.388616
0.192083
0.208769
0.305153
0.477268
0.26495
0.417357
0.257292
0.342028
0.499933
0.452263
0.550434
0.385141
0.189037
0.515603
0.532755
0.312886
0.156064
0.0734233
0.454148
0.222327
0.534585
0.381508
0.160894
0.517276
0.215039
0.441119
0.30863
0.35523
0.516342
0.222541
0.542987
0.393373
0.399276
0.418556
0.174179
0.531815
0.384793
0.557669
0.497744
0.32957
0.0592731
0.401008
0.483926
0.204503
0.249667
0.289196
0.54829
0.140097
0.32603
0.390407
0.488481
0.556487
0.269839
0.429395
0.366931
0.0273121
0.350862
0.56276
0.541362
0.372435
0.530223
0.260616
0.297033
0.410467
0.103763
0.395992
0.46064
0.482757
0.374632
0.411396
0.341889
0.495804
0.431403
0.456011
0.4781
0.234276
0.556518
0.140789
0.435036
0.523158
0.288786
0.370518
0.457764
0.308079
0.38568
0.124497
0.353048
0.268439
0.504586
0.374362
0.527397
0.35286
0.279234
0.553617
0.0879117
0.14798
0.274933
0.188259
0.324333
0.265295
0.240843
0.479151
0.309863
0.461584
0.4803
0.403435
0.522539
0.150204
0.278646
0.452197
0.503882
0.557118
0.308869
0.252542
0.401678
0.223779
0.185622
0.298477
0.544429
0.303653
0.401739
0.489113
0.435768
0.419953
0.55956
0.313972
0.0325277
0.524947
0.297791
0.32419
0.314805
0.458637
0.416605
0.181797
0.148127
0.409049
0.466242
0.536103
0.309806
0.506724
0.436878
0.468324
0.461034
0.545722
0.484881
0.557577
0.317235
0.488994
0.380893
0.320358
0.532528
0.427439
0.538607
0.337231
0.490379
0.143964
0.324602
0.37563
0.156758
0.388696
0.352942
0.29839
0.244068
0.308823
0.472911
0.434907
0.548279
0.355886
0.391934
0.51581
0.23486
0.378768
0.160766
0.464662
0.269087
0.249055
0.216715
0.504703
0.471624
0.371593
0.500812
0.158225
0.527474
0.464864
0.213316
0.447056
0.475262
0.3237
0.422356
0.515129
0.193526
0.403749
0.269468
0.0776297
0.250409
0.520455
0.307722
0.517801
0.509842
0.5525
0.488318
0.433573
0.499989
0.432846
0.413665
0.237355
0.456113
0.441171
0.481233
0.531967
0.0620738
0.378183
0.46611
0.352696
0.201849
0.289778
0.488519
0.541956
0.366397
0.325872
0.136104
0.177612
0.458164
0.452611
0.436075
0.459396
0.327336
0.413618
0.220466
0.358902
0.306366
0.526521
0.452436
0.263762
0.3382
0.320904
0.345691
0.507916
0.379084
0.473754
0.484009
0.33156
0.391578
0.181236
0.31459
0.40825
0.243001
0.520975
0.539893
0.427656
0.481644
0.489688
0.328221
0.230247
0.219912
0.400328
0.559917
0.362173
0.517308
0.52091
0.330738
0.490225
0.199996
0.55088
0.347688
0.53806
0.30036
0.3842
0.539927
0.419925
0.485339
0.369536
0.30654
0.408858
0.371467
0.516976
0.483245
0.329875
0.447521
0.4597
0.132085
0.243628
0.554391
0.285607
0.103839
0.322696
0.297412
0.364091
0.351063
0.372833
0.417399
0.120491
0.426591
0.461962
0.220115
0.271718
0.310003
0.273615
0.549779
0.341816
0.206693
0.48789
0.399147
0.212742
0.479199
0.486375
0.434224
0.447049
0.348901
0.408204
0.273805
0.367171
0.317187
0.212825
0.427812
0.491301
0.532268
0.549658
0.346248
0.225886
0.212073
0.474215
0.516761
0.0342826
0.134119
0.496237
0.270411
0.536453
0.149161
0.49346
0.217026
0.541684
0.52059
0.478298
0.240852
0.553509
0.468951
0.469395
0.471274
0.563028
0.516103
0.201127
0.532582
0.435383
0.516094
0.458219
0.293457
0.119984
0.197905
0.0410691
0.135058
0.193267
0.259999
0.314267
0.499976
0.541669
0.561895
0.430087
0.513299
0.475983
0.410362
0.398765
0.0851328
0.464679
0.186294
0.390795
0.496818
0.469484
0.14673
0.497506
0.519078
0.479227
0.212557
0.419174
0.371449
0.231668
0.509406
0.3978
0.368032
0.483272
0.476442
0.447142
0.499429
0.140169
0.356677
0.277843
0.109343
0.297819
0.257929
0.468505
0.430583
0.342519
0.413409
0.56305
0.229598
0.357707
0.175105
0.554749
0.284871
0.524433
0.500749
0.495089
0.213056
0.496143
0.329476
0.487132
0.396792
0.233054
0.511671
0.436576
0.49224
0.44616
0.373139
0.43259
0.505476
0.532643
0.0593153
0.494768
0.357138
0.440364
0.200565
0.557774
0.545382
0.198553
0.429304
0.297398
0.560204
0.339416
0.514718
0.486947
0.560542
0.360334
0.471718
0.199689
0.381554
0.538502
0.357899
0.326803
0.205292
0.302693
0.495013
0.227907
0.415903
0.274366
0.460018
0.412292
0.312561
0.323489
0.323801
0.562356
0.546047
0.372999
0.140131
0.516765
0.263235
0.470093
0.303796
0.17866
0.337885
0.150258
0.183625
0.331829
0.542161
0.225159
0.509649
0.431192
0.123551
0.563089
0.396413
0.303894
0.272623
0.32327
0.523579
0.421595
0.539536
0.289363
0.123566
0.249535
0.500355
0.546015
0.437495
0.228124
0.500751
0.525271
0.260227
0.424577
0.235318
0.509048
0.292121
0.484079
0.54936
0.139291
0.372018
0.390084
0.383733
0.558948
0.241434
0.499564
0.229066
0.405956
0.424337
0.35391
0.370013
0.546712
0.510493
0.130022
0.449567
0.434448
0.529097
0.271692
0.429129
0.323599
0.183028
0.502735
0.56171
0.425647
0.260801
0.336283
0.103902
0.0655506
0.528905
0.395739
0.16589
0.135737
0.514019
0.493259
0.45474
0.439432
0.520096
0.435975
0.158486
0.272988
0.521537
0.518787
0.498844
0.256379
0.442825
0.543478
0.455548
0.369174
0.243112
0.472534
0.505303
0.460929
0.515689
0.422398
0.472447
0.380104
0.43253
0.153995
0.206317
0.419094
0.541023
0.148643
0.44655
0.518198
0.40908
0.0102314
0.409672
0.433292
0.542538
0.496974
0.526215
0.451689
0.420135
0.0861521
0.534397
0.516277
0.433251
0.0827792
0.50815
0.104761
0.389996
0.50966
0.24284
0.481561
0.419216
0.322928
0.256797
0.543064
0.540966
0.510226
0.463157
0.416599
0.512334
0.381961
0.311985
0.328719
0.370703
0.544832
0.394925
0.179159
0.501387
0.39842
0.39854
0.42203
0.302762
0.551672
0.401873
0.357442
0.147276
0.286639
0.265014
0.316421
0.416561
0.210307
0.320834
0.0537315
0.374008
0.533169
0.446804
0.514732
0.400002
0.260192
0.438471
0.302531
0.431029
0.454117
0.464101
0.48091
0.380543
0.270106
0.247203
0.445717
0.424479
0.487303
0.301232
0.238121
0.527778
0.447779
0.524795
0.523554
0.218936
0.534399
0.557861
0.140751
0.0891248
0.360409
0.418812
0.363907
0.322136
0.270362
0.404133
0.435463
0.406789
0.330291
0.207427
0.503777
0.350057
0.251292
0.284172
0.521106
0.179264
0.500543
0.524117
0.29123
0.300541
0.262412
0.527203
0.445225
0.369612
0.290974
0.369109
0.449702
0.052353
0.47814
0.241721
0.184441
0.256263
0.382783
0.408431
0.559985
0.373931
0.518853
0.364018
0.424489
0.248528
0.307621
0.422354
0.492024
0.367019
0.358075
0.557732
0.374312
0.535009
0.360027
0.0839969
0.412511
0.520243
0.460458
0.529496
0.415849
0.519324
0.254488
0.439951
0.555832
0.486911
0.200157
0.335779
0.220357
0.525696
0.510427
0.388939
0.331805
0.165728
0.264484
0.396026
0.152168
0.437167
0.0922529
0.341466
0.409063
0.305624
0.536037
0.422767
0.243423
0.474144
0.286153
0.408473
0.50916
0.305208
0.398991
0.416975
0.349413
0.357048
0.266795
0.322201
0.368526
0.544822
0.52847
0.27843
0.306109
0.42853
0.257939
0.554847
0.55415
0.238123
0.546943
0.242234
0.258563
0.558641
0.149382
0.283073
0.547752
0.53989
0.377475
0.378024
0.331973
0.550078
0.487784
0.151227
0.412242
0.223503
0.430773
0.561737
0.262072
0.378019
0.224975
0.372182
0.538964
0.472723
0.257809
0.371782
0.269814
0.525767
0.493931
0.458407
0.359408
0.389305
0.352577
0.472906
0.335224
0.389214
0.459837
0.478771
0.160238
0.481053
0.479998
0.243376
0.390988
0.482438
0.249042
0.508592
0.495761
0.321452
0.552805
0.417192
0.546778
0.453734
0.330038
0.325358
0.34783
0.196821
0.367787
0.270217
0.336036
0.298781
0.407643
0.139776
0.430692
0.312926
0.35872
0.358025
0.170067
0.218631
0.523097
0.530223
0.252607
0.276296
0.498446
0.288293
0.368537
0.349594
0.185879
0.316216
0.469545
0.19862
0.562451
0.417524
0.422375
0.463227
0.553
0.554995
0.460355
0.53302
0.26703
0.556323
0.429463
0.392239
0.393607
0.280449
0.527245
0.55253
0.392634
0.51511
0.114721
0.538009
0.339355
0.443594
0.539807
0.474668
0.412162
0.455212
0.286409
0.283877
0.0547673
0.344767
0.184641
0.172672
0.298374
0.467836
0.401201
0.542941
0.527327
0.389725
0.462138
0.478339
0.286964
0.116031
0.527011
0.538378
0.343232
0.343815
0.40926
0.504091
0.175084
0.428151
0.15344
0.206368
0.462606
0.429416
0.333878
0.547524
0.481148
0.425699
0.406517
0.446161
0.39659
0.475633
0.540816
0.293244
0.375284
0.332495
0.301718
0.459375
0.313179
0.492532
0.501619
0.509299
0.489871
0.500628
0.342686
0.425776
0.558734
0.409177
0.262768
0.487546
0.505393
0.391023
0.240769
0.521335
0.481284
0.383253
0.402912
0.431391
0.179433
0.561426
0.481435
0.198258
0.356471
0.383437
0.55171
0.476717
0.369296
0.548133
0.562385
0.465616
0.183215
0.356076
0.442431
0.403162
0.248203
0.498976
0.2419
0.457927
0.227326
0.430772
0.548337
0.505772
0.481895
0.42185
0.299603
0.401835
0.504197
0.474585
0.336343
0.237647
0.557815
0.324734
0.55454
0.557304
0.285856
0.418673
0.292951
0.351054
0.179357
0.418144
0.538607
0.338889
0.549171
0.166896
0.479919
0.244971
0.440224
0.453014
0.529396
0.553682
0.504294
0.527918
0.374227
0.410201
0.399676
0.380832
0.519445
0.521097
0.450459
0.560724
0.22582
0.417268
0.295969
0.273127
0.518308
0.427946
0.509876
0.510271
0.128014
0.297666
0.361191
0.320778
0.205036
0.482612
0.147809
0.424468
0.29088
0.407235
0.39989
0.390452
0.447997
0.243604
0.331204
0.123805
0.312915
0.090403
0.408899
0.248892
0.525435
0.314158
0.23296
0.403404
0.40562
0.236344
0.339289
0.298912
0.456885
0.511474
0.552051
0.434449
0.545978
0.392786
0.227992
0.435263
0.316432
0.538701
0.475815
0.177197
0.531657
0.434469
0.5191
0.5533
0.383224
0.333697
0.42011
0.542265
0.220914
0.518824
0.514825
0.419305
0.273573
0.484135
0.496279
0.384306
0.239573
0.407497
0.487298
0.0442038
0.233552
0.179663
0.328592
0.114079
0.222649
0.391071
0.22474
0.521315
0.439716
0.0589372
0.36063
0.548777
0.290991
0.550869
0.476981
0.488292
0.271971
0.431917
0.164853
0.545557
0.263327
0.28625
0.374969
0.524944
0.188366
0.387714
0.191565
0.453431
0.515136
0.378203
0.390147
0.124238
0.560645
0.387124
0.563672
0.245571
0.229599
0.372617
0.123606
0.477958
0.0683388
0.433225
0.522708
0.357743
0.38277
0.557926
0.530363
0.102604
0.524298
0.319234
0.546183
0.298323
0.160326
0.264218
0.16563
0.398027
0.555695
0.479558
0.533623
0.243292
0.328308
0.255258
0.325113
0.551616
0.261131
0.381419
0.392138
0.303935
0.419763
0.41611
0.308868
0.224859
0.471669
0.462184
0.55546
0.549813
0.335061
0.47806
0.203197
0.163649
0.127108
0.155058
0.390802
0.110747
0.436392
0.283082
0.264067
0.530067
0.3878
0.451634
0.549089
0.329332
0.485233
0.0381177
0.477839
0.56067
0.54827
0.544938
0.422019
0.508538
0.520662
0.466473
0.297483
0.459586
0.405635
0.516104
0.234809
0.235893
0.205976
0.195971
0.501374
0.509644
0.322228
0.334582
0.49774
0.209004
0.390307
0.455727
0.0798375
0.419684
0.0885531
0.119447
0.326834
0.252844
0.423557
0.397817
0.227004
0.523553
0.184282
0.17995
0.500649
0.3964
0.483204
0.290982
0.464487
0.459681
0.2203
0.413511
0.378446
0.245474
0.449669
0.368997
0.292541
0.475035
0.537633
0.0782951
0.463635
0.545543
0.366561
0.464887
0.305393
0.377693
0.206277
0.462779
0.11578
0.50187
0.168115
0.302745
0.373592
0.385357
0.538134
0.394838
0.39905
0.114376
0.484212
0.489871
0.503164
0.504799
0.504047
0.479126
0.0669959
0.56227
0.512872
0.43781
0.479154
0.373499
0.502407
0.426414
0.474734
0.517918
0.266088
