7.79565e-05
0.0101064
0.353711
0.558467
0.506093
0.518151
0.557757
0.543742
0.515069
0.52051
0.320353
0.479921
0.306989
0.148821
0.364528
0.247169
0.477968
0.405717
0.316965
0.478745
0.485509
0.192921
0.224035
0.217079
0.216972
0.469615
0.438503
0.495255
0.507983
0.13348
0.488216
0.320723
0.282162
0.492034
0.548758
0.238938
0.381654
0.546473
0.0639053
0.448711
0.558202
0.202319
0.300963
0.447483
0.531534
0.476151
0.558554
0.534351
0.294782
0.240101
0.533112
0.368363
0.43226
0.488196
0.293802
0.481999
0.513008
0.549097
0.505857
0.297223
0.392157
0.169986
0.467099
0.231229
0.159926
0.379447
0.283807
0.538771
0.478747
0.522701
0.086878
0.410345
0.488547
0.33868
0.385352
0.478612
0.116008
0.42974
0.130428
0.265879
0.429076
0.54715
0.211086
0.455066
0.268608
0.436339
0.508172
0.242802
0.485954
0.557884
0.370592
0.422574
0.421897
0.35307
0.118643
0.273883
0.467033
0.533841
0.399714
0.115636
0.0996226
0.096842
0.242413
0.496906
0.314854
0.310314
0.373324
0.534831
0.336251
0.538925
0.373255
0.232478
0.465242
0.484657
0.406935
0.443821
0.408258
0.418592
0.479665
0.310616
0.332593
0.482243
0.286636
0.197856
0.560233
0.180124
0.18072
0.38006
0.515961
0.364211
0.0780154
0.341611
0.483496
0.228296
0.545602
0.510398
0.534267
0.394684
0.124701
0.15415
0.461327
0.24879
0.233824
0.505254
0.153698
0.316906
0.491666
0.509214
0.226272
0.32761
0.0962378
0.0896541
0.359004
0.230741
0.245954
0.168538
0.504638
0.249266
0.472508
0.39372
0.542911
0.22674
0.412169
0.553332
0.325701
0.228049
0.555265
0.393477
0.511786
0.519225
0.511778
0.347208
0.314929
0.497997
0.454913
0.539268
0.558206
0.345656
0.414395
0.186507
0.460981
0.324343
0.416243
0.230372
0.251461
0.477895
0.512508
0.524207
0.290871
0.284985
0.306565
0.320028
0.486707
0.442859
0.406851
0.561244
0.550495
0.0439397
0.547667
0.0631871
0.508583
0.281087
0.501613
0.388007
0.204211
0.535848
0.523805
0.104726
0.170961
0.27685
0.557141
0.453246
0.546768
0.115052
0.54105
0.451286
0.329622
0.513857
0.555076
0.361413
0.499169
0.322762
0.408593
0.563126
0.462824
0.282273
0.121883
0.345421
0.553945
0.240523
0.43041
0.399417
0.395241
0.309986
0.474387
0.384413
0.423654
0.516106
0.302229
0.548463
0.179336
0.212355
0.0956598
0.231801
0.152066
0.556086
0.462593
0.553879
0.307876
0.520163
0.29336
0.0881233
0.107105
0.474534
0.511124
0.165723
0.200801
0.559164
0.536141
0.363776
0.305505
0.144663
0.557671
0.528203
0.334371
0.321241
0.508536
0.494411
0.490364
0.320891
0.547512
0.110769
0.519957
0.559657
0.109697
0.347299
0.453265
0.520615
0.209946
0.319579
0.425352
0.550675
0.384298
0.524659
0.315476
0.0445107
0.440202
0.435068
0.321088
0.45185
0.283274
0.553522
0.385544
0.401098
0.416093
0.428772
0.230651
0.563014
0.0863321
0.41317
0.431729
0.416873
0.526409
0.378615
0.555842
0.316181
0.409526
0.312765
0.149157
0.469741
0.509309
0.290653
0.426348
0.475517
0.185021
0.405401
0.511694
0.524683
0.447526
0.534741
0.292756
0.330855
0.514084
0.308432
0.551725
0.417889
0.461974
0.48543
0.189558
0.277216
0.459999
0.441567
0.238884
0.19026
0.319903
0.403601
0.535558
0.378896
0.257799
0.225268
0.361616
0.415801
0.480627
0.150747
0.52713
0.418977
0.483648
0.531834
0.417152
0.241986
0.528595
0.254172
0.191804
0.388902
0.514381
0.377041
0.229972
0.388445
0.17528
0.258616
0.372158
0.563847
0.441719
0.277888
0.339516
0.353059
0.448435
0.54442
0.496215
0.192205
0.438107
0.380554
0.467228
0.399403
0.53685
0.433621
0.559927
0.0815217
0.535884
0.529036
0.510931
0.455862
0.407954
0.382644
0.537721
0.0763973
0.23562
0.320812
0.296719
0.467401
0.106074
0.180781
0.442033
0.533287
0.287687
0.557457
0.286359
0.48561
0.311549
0.558231
0.519809
0.509819
0.472478
0.0821212
0.161671
0.164597
0.395676
0.379821
0.281132
0.203552
0.477708
0.349273
0.285286
0.338214
0.508113
0.123725
0.291217
0.534055
0.426413
0.463293
0.237969
0.154207
0.433354
0.486526
0.318918
0.312131
0.227623
0.479939
0.240008
0.407286
0.468249
0.543424
0.428997
0.336858
0.383567
0.27531
0.147073
0.181856
0.254558
0.390705
0.155249
0.445349
0.30763
0.520958
0.560493
0.382276
0.0851583
0.537487
0.478501
0.358635
0.238797
0.538814
0.227953
0.460894
0.191466
0.449204
0.339531
0.548265
0.444094
0.315458
0.355829
0.326533
0.509174
0.0944661
0.24287
0.394575
0.409145
0.507278
0.301534
0.498091
0.434116
0.458594
0.368225
0.281674
0.26157
0.427346
0.474805
0.349054
0.242006
0.351301
0.300914
0.148343
0.537372
0.261633
0.306161
0.289902
0.417246
0.306563
0.285664
0.487288
0.412158
0.398211
0.478503
0.417669
0.549411
0.0936916
0.395365
0.379917
0.167708
0.145692
0.491039
0.299088
0.270632
0.262726
0.430174
0.49619
0.505581
0.402229
0.418439
0.550824
0.212404
0.197661
0.53981
0.520585
0.383844
0.388851
0.48393
0.32673
0.435829
0.338449
0.253239
0.184497
0.301812
0.454763
0.465108
0.221694
0.143162
0.237628
0.395456
0.300202
0.388526
0.365198
0.0919349
0.294953
0.410248
0.421786
0.379837
0.530381
0.157367
0.429619
0.423484
0.26821
0.315431
0.40078
0.18801
0.347565
0.364036
0.28513
0.454097
0.487707
0.167438
0.309283
0.469138
0.550329
0.331341
0.51391
0.518756
0.19519
0.457644
0.386533
0.522617
0.359719
0.301049
0.342058
0.529385
0.310937
0.526795
0.530087
0.446032
0.366347
0.360972
0.562427
0.235438
0.507827
0.470577
0.319765
0.520241
0.41748
0.44045
0.214886
0.205275
0.538464
0.283357
0.371181
0.458285
0.399938
0.397185
0.447841
0.500773
0.0743459
0.518948
0.442789
0.280487
0.561698
0.534043
0.522994
0.257234
0.499608
0.401648
0.530896
0.535919
0.522894
0.47144
0.30168
0.378329
0.411118
0.304575
0.174024
0.11443
0.351015
0.454409
0.467744
0.554203
0.29847
0.483007
0.235627
0.404101
0.268465
0.413406
0.52924
0.281778
0.31346
0.145787
0.267789
0.35859
0.388694
0.307569
0.529294
0.284967
0.484853
0.40399
0.404962
0.563529
0.456734
0.417205
0.39101
0.452512
0.526771
0.425237
0.496939
0.163524
0.535696
0.264902
0.246612
0.257621
0.319989
0.370685
0.254149
0.39294
0.409906
0.490313
0.46342
0.344095
0.466631
0.167507
0.403226
0.552234
0.293001
0.540742
0.0814321
0.204919
0.248008
0.456789
0.267125
0.450248
0.545482
0.526644
0.403161
0.239858
0.478033
0.494795
0.493728
0.167285
0.431411
0.0920982
0.523155
0.159504
0.327125
0.285515
0.288515
0.232824
0.240812
0.548636
0.193484
0.454264
0.486891
0.161061
0.468203
0.460824
0.464316
0.30529
0.198268
0.443597
0.0812478
0.417947
0.254384
0.500992
0.451664
0.333312
0.562702
0.398219
0.113182
0.350789
0.309091
0.37206
0.214399
0.172832
0.252245
0.434559
0.560203
0.307945
0.192392
0.358872
0.215823
0.373151
0.127206
0.354319
0.472611
0.446033
0.39247
0.132954
0.331536
0.455997
0.111544
0.551039
0.456693
0.428497
0.475076
0.55303
0.462187
0.202207
0.535875
0.330196
0.513092
0.39261
0.516518
0.488626
0.386136
0.455393
0.550848
0.397554
0.181153
0.482158
0.547332
0.461213
0.44565
0.374691
0.532569
0.529367
0.313268
0.476096
0.250693
0.344744
0.30355
0.258176
0.372566
0.125738
0.498157
0.114156
0.155016
0.505045
0.534088
0.364456
0.36265
0.173427
0.17101
0.201563
0.23912
0.14101
0.528924
0.422612
0.298463
0.399142
0.534263
0.309925
0.469824
0.549401
0.378045
0.229501
0.141822
0.0211641
0.454989
0.415656
0.341621
0.194876
0.247317
0.438815
0.271686
0.352099
0.535881
0.473072
0.451855
0.385074
0.352822
0.505865
0.471755
0.549885
0.426665
0.0290211
0.386838
0.302542
0.545248
0.36161
0.322375
0.340915
0.454604
0.139733
0.551651
0.302624
0.419357
0.412565
0.265565
0.496475
0.477048
0.188938
0.523656
0.495554
0.386034
0.389126
0.120524
0.56069
0.191041
0.114872
0.483546
0.466601
0.437818
0.167983
0.550936
0.459185
0.146119
0.326509
0.0432011
0.416035
0.117563
0.491034
0.0689397
0.548542
0.449902
0.389604
0.467768
0.246373
0.561736
0.218285
0.527867
0.430884
0.128787
0.491458
0.0971179
0.0594764
0.498098
0.543837
0.285635
0.522723
0.269241
0.424229
0.431081
0.0666345
0.375876
0.516715
0.390934
0.393297
0.343698
0.28016
0.31158
0.5625
0.403211
0.305499
0.526702
0.483782
0.496623
0.394759
0.234282
0.196478
0.31349
0.124384
0.536391
0.438055
0.127401
0.0634765
0.48794
0.175089
0.463527
0.438996
0.440062
0.178666
0.390093
0.508217
0.444503
0.403833
0.511023
0.437243
0.41022
0.331014
0.354104
0.462127
0.253179
0.401449
0.374587
0.491987
0.387581
0.459924
0.555525
0.474247
0.373021
0.547234
0.550639
0.329513
0.0960287
0.536026
0.538155
0.469406
0.270055
0.489907
0.458403
0.237892
0.197609
0.513838
0.544375
0.239082
0.178429
0.0785754
0.563228
0.498241
0.378251
0.352692
0.561385
0.311533
0.387921
0.433403
0.563481
0.515495
0.109936
0.214885
0.176801
0.39306
0.408327
0.402006
0.14416
0.312976
0.128365
0.0941764
0.309237
0.260682
0.171574
0.321465
0.366285
0.0685932
0.369545
0.457847
0.308254
0.229999
0.203936
0.560058
0.485676
0.479573
0.450377
0.149001
0.275735
0.371259
0.4655
0.370408
0.344084
0.302646
0.297276
0.231587
0.514833
0.0272693
0.289517
0.496857
0.498403
0.559041
0.464095
0.376772
0.370233
0.403538
0.257805
0.319331
0.266039
0.132783
0.549434
0.340433
0.324442
0.544062
0.270599
0.288004
0.450189
0.208966
0.450172
0.330603
0.0834622
0.506751
0.133873
0.304555
0.384292
0.454885
0.427241
0.556867
0.415513
0.199865
0.238442
0.55634
0.436505
0.384995
0.230821
0.200205
0.336508
0.117395
0.46568
0.296336
0.471566
0.419534
0.350445
0.413662
0.130827
0.479607
0.339107
0.485292
0.0229122
0.47829
0.497921
0.450093
0.417723
0.320668
0.359976
0.13632
0.255028
0.194167
0.449101
0.381966
0.408094
0.382328
0.216734
0.272464
0.493089
0.500521
0.468379
0.338761
0.335276
0.323215
0.557288
0.330394
0.480286
0.509215
0.271962
0.323852
0.488775
0.232729
0.514594
0.0720479
0.163272
0.420319
0.258908
0.36515
0.213639
0.539326
0.302421
0.161025
0.14508
0.339569
0.307126
0.402678
0.444541
0.304223
0.507676
0.428191
0.532673
0.47453
0.431385
0.521468
0.0897618
0.367843
0.348258
0.521686
0.127703
0.154475
0.553669
0.139591
0.523381
0.42636
0.282029
0.503524
0.542565
0.323148
0.474434
0.504521
0.554514
0.393874
0.319616
0.510815
0.355965
0.375653
0.557298
0.545105
0.233691
0.408954
0.435329
0.332309
0.489856
0.0708342
0.543165
0.467019
0.255819
0.387315
0.508328
0.426328
0.520503
0.555203
0.527695
0.0130181
0.549372
0.49088
0.059312
0.488141
0.3697
0.472473
0.490644
0.501799
0.336707
0.180347
0.332713
0.540492
0.493141
0.400531
0.421636
0.49525
0.430061
0.439102
0.411919
0.148879
0.322432
0.298054
0.440632
0.440538
0.265685
0.190427
0.464686
0.372861
0.445912
0.488048
0.46068
0.470584
0.469842
0.517021
0.240369
0.464877
0.509965
0.430767
0.481776
0.394567
0.254991
0.204583
0.543886
0.172601
0.561267
0.316138
0.159996
0.445977
0.520111
0.371886
0.312534
0.377435
0.51466
0.441461
0.267687
0.402907
0.334782
0.520275
0.376316
0.31687
0.415868
0.466562
0.462584
0.409876
0.382296
0.514968
0.324184
0.173315
0.111029
0.534912
0.54881
0.227648
0.31922
0.384738
0.484142
0.230746
0.316907
0.495562
0.537894
0.50948
0.396134
0.444856
0.176831
0.115333
0.326249
0.0868482
0.28494
0.543278
0.235394
0.47603
0.525131
0.3871
0.0769671
0.50094
0.519508
0.32264
0.34216
0.424816
0.52426
0.254073
0.374626
0.311335
0.551858
0.311775
0.369962
0.550814
0.41913
0.404592
0.258005
0.494079
0.354358
0.238051
0.19878
0.328131
0.143307
0.338689
0.504751
0.283907
0.541425
0.130444
0.372775
0.276357
0.417942
0.56085
0.438455
0.43123
0.507393
0.365628
0.445642
0.144956
0.386255
0.40595
0.326712
0.55661
0.380262
0.549418
0.362743
0.453581
0.0752826
0.280177
0.513274
0.33406
0.331571
0.525125
0.20589
0.291887
0.402274
0.371291
0.548458
0.498998
0.331138
0.476319
0.370664
0.355722
0.322084
0.378877
0.376841
0.250147
0.546706
0.384206
0.223358
0.222523
0.405364
0.265479
0.32801
0.526229
0.365525
0.443079
0.503906
0.284624
0.374082
0.498409
0.327618
0.299317
0.383163
0.534795
0.329347
0.292953
0.369189
0.489801
0.244623
0.442092
0.45815
0.550043
0.48613
0.0599458
0.485198
0.254628
0.331922
0.2397
0.476868
0.138796
0.235955
0.457683
0.340782
0.524251
0.473345
0.309804
0.482717
0.350889
0.562011
0.373707
0.564189
0.55359
0.359615
0.329502
0.45834
0.224983
0.447851
0.285351
0.318858
0.291143
0.437233
0.142863
0.456866
0.543738
0.427834
0.484173
0.487259
0.0656241
0.351172
0.388908
0.176906
0.372837
0.475053
0.513098
0.518328
0.447907
0.543128
0.442441
0.553198
0.401748
0.209232
0.40454
0.560261
0.496218
0.287002
0.248856
0.540569
0.233285
0.403594
0.446457
0.378168
0.1626
0.561599
0.0929354
0.112341
0.346717
0.312064
0.548536
0.325521
0.561758
0.368824
0.418732
0.53753
0.214684
0.415769
0.326918
0.170899
0.198131
0.487527
0.5066
0.551655
0.386745
0.394575
0.405048
0.465014
0.410781
0.453773
0.26265
0.388575
0.37135
0.281755
0.450313
0.0796767
0.251655
0.530532
0.407388
0.174495
0.471812
0.504807
0.275339
0.537367
0.535511
0.492584
0.411979
0.474251
0.443038
0.532705
0.405358
0.547158
0.429054
0.550064
0.542667
0.206042
0.426507
0.526323
0.459668
0.403583
0.213987
0.496807
0.201103
0.349255
0.430522
0.43152
0.0756123
0.52728
0.537548
0.258372
0.491319
0.503472
0.223233
0.269724
0.311188
0.195565
0.356476
0.455752
0.262679
0.287462
0.215327
0.221257
0.516902
0.467952
0.282072
0.136773
0.483329
0.444687
0.236933
0.176634
0.338722
0.559718
0.458022
0.498906
0.38778
0.507422
0.0453346
0.405827
0.144138
0.558034
0.271544
0.32559
0.329179
0.37516
0.375706
0.155148
0.555366
0.352865
0.357252
0.536901
0.400998
0.329882
0.531301
0.445961
0.150127
0.10015
0.436103
0.55128
0.454357
0.249709
0.337087
0.450365
0.402348
0.43146
0.290214
0.169581
0.366423
0.329657
0.12314
0.451647
0.429045
0.417642
0.489538
0.418872
0.146412
0.522095
0.445037
0.431037
0.0830802
0.37745
0.38231
0.365569
0.320909
0.421656
0.459448
0.523328
0.458191
0.551797
0.495512
0.297839
0.522812
0.230914
0.358016
0.488805
0.463998
0.463137
0.40972
0.464417
0.25741
0.423284
0.307163
0.470259
0.416506
0.485081
0.256553
0.311675
0.208065
0.505485
0.339198
0.0621582
0.0317864
0.333172
0.14738
0.529417
0.207803
0.130425
0.236782
0.31917
0.49881
0.359073
0.496399
0.477827
0.356464
0.250113
0.107057
0.225605
0.372995
0.546402
0.553781
0.432014
0.406203
0.235604
0.540452
0.394607
0.523824
0.150502
0.559047
0.56096
0.216749
0.434078
0.544053
0.476258
0.346251
0.298338
0.424611
0.46016
0.365135
0.427071
0.313247
0.0710044
0.253065
0.381442
0.355837
0.450526
0.232606
0.510732
0.546365
0.50298
0.561756
0.312098
0.135207
0.280513
0.496518
0.560525
0.344837
0.460076
0.322078
0.28542
0.353651
0.490666
0.54087
0.343842
0.388778
0.490774
0.4102
0.389122
0.522095
0.442336
0.118794
0.202923
0.268303
0.546157
0.498632
0.14561
0.395214
0.239382
0.467232
0.482224
0.297474
0.349023
0.0804137
0.369364
0.435534
0.490867
0.33137
0.514159
0.343936
0.536981
0.0266899
0.441595
0.39209
0.30059
0.501227
0.154273
0.461529
0.0700049
0.491793
0.360094
0.425284
0.529761
0.334387
0.532973
0.432407
0.386763
0.260779
0.491103
0.436159
0.408688
0.184255
0.430546
0.464127
0.0649578
0.502561
0.493977
0.185643
0.468318
0.325145
0.148308
0.338505
0.267284
0.200231
0.536857
0.562625
0.531627
0.54812
0.254719
0.50723
0.473912
0.450491
0.388728
0.466016
0.498337
0.40173
0.331689
0.562657
0.510023
0.47827
0.484882
0.0948233
0.490415
0.542168
0.431227
0.458423
0.236067
0.381347
0.434557
0.530069
0.428772
0.248048
0.480941
0.0618222
0.505789
0.446543
0.409384
0.211634
0.533777
0.522755
0.562047
0.427568
0.477482
0.560523
0.291952
0.413501
0.130065
0.266692
0.376531
0.52505
0.55564
0.39014
0.487309
0.428975
0.332601
0.0405608
0.525272
0.292562
0.333756
0.452109
0.447377
0.527152
0.49454
0.396237
0.539767
0.350752
0.53511
0.169266
0.502723
0.338271
0.516756
0.489278
0.19267
0.14106
0.447093
0.373137
0.411532
0.298848
0.453926
0.415499
0.388763
0.200988
0.548711
0.368507
0.250751
0.535424
0.516019
0.415815
0.329032
0.316103
0.539135
0.366262
0.173043
0.138835
0.484428
0.498182
0.339849
0.32609
0.423205
0.484685
0.545475
0.397173
0.19409
0.135889
0.049724
0.417854
0.176044
0.348613
0.544644
0.454027
0.349845
0.346957
0.193254
0.549296
0.350224
0.343311
0.262515
0.479195
0.403816
0.174864
0.404979
0.486935
0.337202
0.478919
0.422318
0.201894
0.264043
0.252226
0.142194
0.432498
0.451519
0.384646
0.560965
0.380938
0.202246
0.483608
0.522776
0.213843
0.406799
0.487929
0.400595
0.289263
0.562933
0.265889
0.524899
0.432667
0.319987
0.337816
0.432508
0.165948
0.145412
0.377259
0.518382
0.436617
0.4572
0.0898226
0.0226051
0.558704
0.493612
0.131773
0.517317
0.344367
0.420624
0.488951
0.288524
0.385705
0.172558
0.260045
0.421943
0.368707
0.563498
0.504954
0.106457
0.356877
0.48868
0.290248
0.203537
0.357183
0.313575
0.518783
0.423418
0.296852
0.51974
0.113249
0.247464
0.37031
0.421771
0.492493
0.507333
0.275077
0.312578
0.534394
0.456911
0.175581
0.4978
0.285461
0.447625
0.435317
0.505995
0.449095
0.229585
0.168466
0.411098
0.366544
0.0540334
0.223943
0.561099
0.355365
0.541114
0.306946
0.460422
0.230874
0.366608
0.393216
0.557159
0.484425
0.452929
0.499707
0.485632
0.384452
0.194184
0.557634
0.473966
0.344402
0.521382
0.318457
0.499279
0.21163
0.502577
0.447655
0.561628
0.48999
0.544165
0.191962
0.463771
0.419174
0.384765
0.518425
0.556217
0.338971
0.526451
0.49403
0.525476
0.436766
0.398814
0.169642
0.404908
0.479892
0.504465
0.0780074
0.309498
0.484596
0.342379
0.392766
0.31055
0.234181
0.452731
0.32766
0.485307
0.50182
0.383282
0.475445
0.402849
0.538348
0.44137
0.560144
0.522547
0.418402
0.323918
0.0840567
0.144358
0.319914
0.531148
0.107855
0.258867
0.302147
0.325997
0.338303
0.0373944
0.515032
0.516713
0.359295
0.248439
0.553826
0.269471
0.177297
0.488894
0.292973
0.149464
0.412812
0.558907
0.494119
0.395084
0.483566
0.478135
0.542997
0.144021
0.247572
0.284638
0.525233
0.210964
0.547468
0.409147
0.536882
0.35972
0.324225
0.407972
0.274421
0.294003
0.558192
0.425337
0.30042
0.346732
0.528217
0.180487
0.0426965
0.285023
0.366115
0.368754
0.516042
0.508889
0.467095
0.542742
0.383159
0.482763
0.494481
0.352202
0.484332
0.520643
0.454306
0.496609
0.487819
0.524414
0.476836
0.374936
0.430942
0.471085
0.431541
0.552898
0.563116
0.197596
0.424215
0.542695
0.494034
0.104057
0.479872
0.498577
0.229326
0.505219
0.236005
0.537884
0.287843
0.481531
0.0286343
0.30512
0.460095
0.27957
0.525272
0.312864
0.337288
0.504251
0.440115
0.417105
0.189626
0.441144
0.371599
0.105499
0.463295
0.303438
0.434959
0.330184
0.364641
0.411426
0.457438
0.404321
0.440946
0.258686
0.324915
0.223104
0.241935
0.419598
0.281233
0.190781
0.508544
0.240288
0.449121
0.374859
0.403276
0.145123
0.0896385
0.286007
0.181128
0.281788
0.437654
0.398642
0.525205
0.421505
0.54812
0.266977
0.385048
0.331117
0.562055
0.167577
0.488763
0.416015
0.220496
0.177969
0.334369
0.291547
0.138704
0.512968
0.496633
0.561812
0.459687
0.367664
0.36627
0.358182
0.11409
0.29841
0.513461
0.391131
0.445595
0.516186
0.450709
0.528524
0.274322
0.355423
0.175684
0.468198
0.366019
0.475144
0.363775
0.275499
0.42382
0.282648
0.278047
0.121156
0.123367
0.43491
0.15207
0.111662
0.330235
0.248637
0.227624
0.489857
0.12408
0.539172
0.41343
0.547597
0.558403
0.562989
0.421776
0.0221551
0.540335
0.506333
0.461874
0.516093
0.421687
0.110651
0.386688
0.225952
0.475272
0.513048
0.179002
0.511185
0.333183
0.375467
0.434994
0.553491
0.449676
0.486576
0.53413
0.506968
0.458021
0.469693
0.385228
0.452633
0.457745
0.332405
0.200927
0.453303
0.467357
0.530596
0.177077
0.446233
0.538881
0.556012
0.30847
0.235288
0.145121
0.561617
0.148381
0.401691
0.469559
0.510617
0.474167
0.372023
0.47196
0.246711
0.501937
0.457885
0.215132
0.477569
0.350434
0.226267
0.264185
0.217957
0.319085
0.54214
0.553739
0.204968
0.292076
0.331553
0.274229
0.466452
0.288341
0.529111
0.0459813
0.449838
0.380745
0.329194
0.551526
0.558531
0.423249
0.475686
0.43181
0.263651
0.291884
0.367771
0.430628
0.363125
0.297792
0.348656
0.404112
0.472304
0.311751
0.447717
0.550261
0.355251
0.444592
0.46986
0.489314
0.560905
0.536128
0.47474
0.195653
0.2586
0.563483
0.544618
0.243176
0.339369
0.21799
0.148991
0.164484
0.41137
0.273923
0.513409
0.472313
0.494788
0.368896
0.341799
0.416373
0.527659
0.563057
0.425617
0.514821
0.323469
0.463311
0.149132
0.311524
0.234626
0.451536
0.292514
0.524902
0.501665
0.285769
0.539102
0.412974
0.108649
0.305002
0.525546
0.401071
0.370517
0.451159
0.304928
0.38202
0.472667
0.366738
0.41257
0.366657
0.346101
0.49491
0.498688
0.0396882
0.232222
0.35584
0.488605
0.354555
0.412236
0.523346
0.461285
0.218881
0.448335
0.225987
0.417314
0.304359
0.225234
0.435412
0.234342
0.440118
0.471259
0.27593
0.183475
0.368458
0.310606
0.562825
0.494381
0.219167
0.27373
0.294369
0.32917
0.184497
0.301391
0.27225
0.439874
0.344151
0.479438
0.518183
0.469584
0.111309
0.243321
0.159894
0.538008
0.30531
0.495163
0.101783
0.00735244
0.521478
0.444445
0.502932
0.380572
0.360414
0.481716
0.380065
0.106197
0.388836
0.184816
0.402387
0.291742
0.122987
0.457008
0.497982
0.516691
0.256858
0.427706
0.560886
0.493489
0.451281
0.202507
0.316907
0.495796
0.21258
0.166181
0.216643
0.23198
0.38325
0.364301
0.386297
0.251214
0.240365
0.434439
0.3908
0.561836
0.161106
0.375383
0.298929
0.255601
0.423635
0.559852
0.431199
0.353758
0.48314
0.557842
0.556092
0.563635
0.553118
0.522632
0.278952
0.451735
0.492693
0.23541
0.172556
0.236041
0.507359
0.449105
0.454836
0.2351
0.361563
0.409514
0.497285
0.269302
0.308042
0.288164
0.398404
0.51436
0.31339
0.482118
0.529772
0.548814
0.354613
0.47338
0.129843
0.238723
0.105612
0.543899
0.511053
0.264284
0.545926
0.400802
0.120822
0.497984
0.546546
0.288657
0.39803
0.185673
0.301309
0.443438
0.426452
0.36114
0.341812
0.563865
0.461888
0.418742
0.323859
0.558312
0.446064
0.537809
0.559576
0.294135
0.154673
0.241741
0.436276
0.546839
0.2414
0.535993
0.142467
0.468752
0.505043
0.510753
0.13465
0.31101
0.301537
0.534916
0.235396
0.489895
0.0655111
0.438825
0.479302
0.548461
0.556368
0.275753
0.548314
0.384493
0.495868
0.538193
0.511929
0.427525
0.509782
0.477107
0.176832
0.128947
0.546226
0.490813
0.419552
0.233649
0.392747
0.405456
0.219041
0.324818
0.515123
0.493021
0.292475
0.460347
0.407455
0.54649
0.0648693
0.244123
0.47806
0.228763
0.246667
0.454567
0.294011
0.274643
0.466815
0.216359
0.458017
0.414607
0.346094
0.413505
0.260738
0.443011
0.436619
0.483731
0.229537
0.541898
0.190175
0.446368
0.279007
0.295779
0.296339
0.499908
0.313408
0.32696
0.414145
0.250591
0.458198
0.308174
0.419448
0.431716
0.548328
0.278598
0.268318
0.346501
0.36302
0.290482
0.311542
0.487729
0.251552
0.213652
0.251531
0.429004
0.462236
0.405836
0.364486
0.437132
0.358553
0.164654
0.387979
0.55796
0.531251
0.517551
0.222602
0.336237
0.353428
0.360972
0.556852
0.462492
0.0774563
0.497352
0.485104
0.337342
0.472299
0.130304
0.401951
0.480945
0.275346
0.190684
0.524618
0.134317
0.430082
0.435787
0.357215
0.400484
0.422638
0.359601
0.508892
0.529712
0.438727
0.220372
0.259304
0.282821
0.362189
0.374158
0.506851
0.365574
0.401047
0.353305
0.517448
0.418817
0.453415
0.143503
0.326806
0.272258
0.516605
0.388975
0.521661
0.464025
0.0703849
0.428395
0.19576
0.372056
0.558934
0.331653
0.485819
0.111229
0.275973
0.333159
0.43714
0.492603
0.405223
0.250193
0.221462
0.44643
0.234147
0.50434
0.33814
0.231117
0.330899
0.342862
0.547532
0.271574
0.239208
0.299702
0.446518
0.330219
0.447907
0.548273
0.179439
0.174636
0.311306
0.562745
0.123783
0.0886482
0.545439
0.353631
0.562026
0.324938
0.545684
0.40197
0.419072
0.550427
0.0932124
0.492351
0.347261
0.286865
0.112925
0.318818
0.54437
0.531133
0.249304
0.46781
0.281135
0.250153
0.157705
0.255832
0.510695
0.551322
0.193565
0.317027
0.50187
0.164126
0.314046
0.38117
0.384584
0.389903
0.0332779
0.38783
0.530779
0.334206
0.397855
0.495802
0.387215
0.480257
0.323525
0.426891
0.247668
0.496643
0.401621
0.486692
0.528711
0.4688
0.257403
0.34432
0.520305
0.140083
0.202351
0.558398
0.475667
0.459259
0.464756
0.517664
0.333114
0.0857319
0.162957
0.204118
0.533515
0.183246
0.00904295
0.318043
0.526715
0.371609
0.375592
0.419861
0.537392
0.322422
0.549567
0.187048
0.325043
0.423008
0.545488
0.286344
0.30648
0.426031
0.390011
0.370221
0.136506
0.529515
0.43522
0.330022
0.491305
0.135825
0.171494
0.531904
0.398495
0.459172
0.389178
0.240147
0.121258
0.338936
0.440539
0.291415
0.55919
0.370565
0.402761
0.230801
0.45116
0.339195
0.530244
0.340871
0.141276
0.520911
0.357154
0.246969
0.403259
0.332555
0.349618
0.563575
0.368607
0.181047
0.473323
0.254801
0.0364242
0.128684
0.336836
0.470054
0.349008
0.387958
0.175943
0.395911
0.289303
0.259266
0.250736
0.401579
0.553136
0.523225
0.557142
0.487182
0.149055
0.179628
0.467459
0.541414
0.368875
0.406104
0.536379
0.528235
0.206125
0.34429
0.494311
0.396253
0.428285
0.21655
0.106819
0.386625
0.431698
0.195153
0.534611
0.539387
0.484015
0.465808
0.410321
0.474818
0.124163
0.563915
0.452333
0.315538
0.130794
0.288691
0.41759
0.380192
0.211501
0.540122
0.465567
0.470845
0.462676
0.0976637
0.445701
0.516953
0.394027
0.475337
0.140863
0.468903
0.311849
0.521574
0.531078
0.181175
0.225487
0.447934
0.251471
0.0389691
0.241202
0.52559
0.545892
0.415411
0.447849
0.244941
0.51442
0.418153
0.304951
0.25253
0.231808
0.282673
0.558732
0.369439
0.405899
0.202369
0.342158
0.403408
0.475068
0.422096
0.269348
0.43705
0.445757
0.394465
0.549848
0.357104
0.330204
0.203403
0.407939
0.500363
0.33128
0.469185
0.280884
0.49446
0.296684
0.433798
0.163704
0.0420043
0.225348
0.312445
0.406853
0.149455
0.355327
0.388459
0.459285
0.540206
0.372252
0.460646
0.138729
0.244663
0.459654
0.511813
0.305053
0.39276
0.160416
0.483773
0.308018
0.387032
0.25695
0.151955
0.248612
0.396097
0.112774
0.407634
0.462684
0.352708
0.42536
0.303698
0.543511
0.41521
0.514775
0.512111
0.356773
0.521171
0.474091
0.443135
0.361177
0.498446
0.281835
0.0663719
0.43676
0.266815
0.530506
0.150289
0.434094
0.448448
0.417491
0.163869
0.522615
0.289518
0.504907
0.425284
0.528131
0.322688
0.0655972
0.253265
0.50305
0.46997
0.254087
0.511908
0.379149
0.308593
0.251631
0.276748
0.560009
0.526109
0.495441
0.42059
0.284144
0.0398254
0.487125
0.182952
0.321213
0.529027
0.325874
0.205295
0.329176
0.313687
0.423754
0.307136
0.515245
0.36287
0.411785
0.277096
0.227579
0.458894
0.557654
0.522139
0.0998365
0.299901
0.547221
0.260926
0.506096
0.563812
0.400218
0.327994
0.321251
0.22443
0.399752
0.46021
0.523898
0.250162
0.315278
0.366344
0.289766
0.352744
0.539723
0.540483
0.267658
0.465366
0.511024
0.459672
0.470789
0.522356
0.562421
0.493904
0.307369
0.353049
0.295003
0.158479
0.193033
0.375861
0.285863
0.489171
0.439535
0.452584
0.299393
0.526962
0.247102
0.559668
0.458665
0.532694
0.540789
0.485466
0.545501
0.557216
0.151971
0.376769
0.322434
0.345209
0.261037
0.523239
0.487221
0.167179
0.480532
0.283225
0.391475
0.523614
0.393895
0.262817
0.184773
0.463129
0.204615
0.447029
0.377025
0.398086
0.383609
0.552231
0.154872
0.374544
0.153338
0.388101
0.559779
0.277567
0.55429
0.352047
0.554841
0.452285
0.0335729
0.404479
0.336373
0.276343
0.220709
0.117012
0.544682
0.522474
0.398531
0.243742
0.537309
0.447575
0.255159
0.451642
0.319049
0.479824
0.335433
0.528864
0.272174
0.363657
0.469159
0.0320338
0.24076
0.439392
0.0255904
0.428806
0.47445
0.439624
0.495685
0.325723
0.542397
0.464477
0.231937
0.362462
0.5291
0.346897
0.539733
0.400043
0.546363
0.468449
0.51557
0.159919
0.32577
0.413191
0.394551
0.411237
0.382719
0.546675
0.467307
0.357028
0.379086
0.507131
0.359303
0.403111
0.140192
0.482118
0.527009
0.499538
0.512643
0.229897
0.454781
0.421774
0.534866
0.308976
0.46699
0.49164
0.387558
0.488174
0.221745
0.287993
0.299285
0.379788
0.538391
0.165483
0.541761
0.297821
0.297351
0.403746
0.16586
0.40968
0.553548
0.561456
0.417139
0.431982
0.153315
0.189899
0.16708
0.557291
0.390984
0.42038
0.5382
0.281489
0.482265
0.35209
0.425187
0.404242
0.294109
0.293491
0.17749
0.343572
0.474013
0.475752
0.534699
0.528419
0.355664
0.204048
0.352264
0.117526
0.309446
0.123696
0.531046
0.318153
0.427482
0.522233
0.271414
0.434397
0.423332
0.363144
0.0359252
0.215303
0.434381
0.509687
0.448391
0.514791
0.473681
0.162095
0.320157
0.192868
0.172753
0.494941
0.358956
0.326674
0.469689
0.276287
0.406257
0.401922
0.405318
0.274191
0.434903
0.498131
0.467267
0.362173
0.513838
0.553998
0.306126
0.206065
0.151289
0.409954
0.512049
0.13795
0.508955
0.279107
0.256603
0.462522
0.38834
0.499381
0.408521
0.527958
0.459385
0.499886
0.217611
0.33682
0.194889
0.381935
0.300851
0.159239
0.526214
0.43209
0.556318
0.308768
0.536072
0.401631
0.230196
0.541243
0.460026
0.531228
0.421492
0.322179
0.466346
0.0918214
0.23414
0.440236
0.2534
0.36774
0.354084
0.543744
0.541105
0.493548
0.469992
0.31094
0.558758
0.547316
0.470661
0.39921
0.501918
0.457415
0.361943
0.109918
0.545843
0.480019
0.291642
0.55817
0.306328
0.460229
0.487309
0.427884
0.0814927
0.455973
0.527147
0.391363
0.276543
0.0115588
0.131723
0.208722
0.286853
0.46523
0.206648
0.496517
0.545554
0.115482
0.223125
0.464717
0.550512
0.556007
0.12714
0.40104
0.167567
0.42639
0.443659
0.555087
0.124928
0.132947
0.285013
0.201179
0.564023
0.133879
0.344694
0.391189
0.109016
0.40389
0.283378
0.153941
0.287252
0.49905
0.171192
0.36606
0.299011
0.498932
0.521504
0.0681606
0.311819
0.527752
0.232338
0.270185
0.384341
0.445127
0.522707
0.349212
0.0481978
0.457458
0.395622
0.254569
0.492947
0.367869
0.359361
0.473043
0.24544
0.492104
0.429358
0.482243
0.293723
0.304804
0.395098
0.325717
0.472477
0.551466
0.401727
0.266056
0.413627
0.416351
0.534147
0.478786
0.522898
0.534332
0.227011
0.088132
0.192558
0.499668
0.467917
0.41879
0.374711
0.459647
0.388698
0.385206
0.498589
0.496366
0.562744
0.552039
0.518329
0.468964
0.33119
0.420776
0.398917
0.379792
0.150573
0.18704
0.244418
0.319506
0.202415
0.326869
0.354545
0.220253
0.376609
0.551022
0.446309
0.39525
0.455487
0.398314
0.146026
0.533438
0.502877
0.404592
0.262048
0.499809
0.199775
0.297868
0.498178
0.210956
0.49513
0.320246
0.200714
0.206548
0.435809
0.374613
0.495496
0.365111
0.46194
0.132505
0.131142
0.161045
0.361964
0.515494
0.55911
0.47277
0.424078
0.506554
0.399018
0.472439
0.152059
0.521967
0.405603
0.378974
0.323407
0.415268
0.327997
0.361539
0.436471
0.534047
0.159703
0.464595
0.548147
0.497936
0.376712
0.131948
0.293086
0.416542
0.315798
0.486781
0.368068
0.213936
0.441853
0.409886
0.523383
0.461587
0.516581
0.237318
0.483978
0.489739
0.55241
0.395684
0.501901
0.483049
0.321602
0.151206
0.245952
0.11863
0.141768
0.250909
0.166598
0.389691
0.284227
0.404424
0.0891844
0.555564
0.119727
0.528032
0.493859
0.547804
0.543942
0.299697
0.381662
0.28564
0.0872543
0.561044
0.184334
0.192813
0.557231
0.562134
0.484786
0.188104
0.280023
0.285724
0.41785
0.541865
0.281621
0.451968
0.535196
0.55601
0.253854
0.428215
0.553869
0.489278
0.191047
0.238075
0.480936
0.496639
0.329096
0.414892
0.531108
0.512818
0.455112
0.380016
0.149656
0.426897
0.381066
0.28635
0.38725
0.193919
0.419466
0.352049
0.137324
0.475688
0.479587
0.341964
0.396171
0.233013
0.511245
0.437699
0.426493
0.286729
0.545522
0.251001
0.413878
0.40232
0.354372
0.466063
0.156446
0.320768
0.495804
0.416504
0.446088
0.117691
0.337387
0.314295
0.47881
0.0998417
0.327452
0.418386
0.438333
0.54094
0.327888
0.45207
0.483205
0.302579
0.192736
0.357424
0.358064
0.427096
0.371755
0.235057
0.328225
0.321005
0.512553
0.321719
0.132928
0.557524
0.251081
0.454686
0.55959
0.143518
0.423363
0.512636
0.510514
0.243691
0.435237
0.206332
0.530706
0.280431
0.330274
0.424276
0.467924
0.534043
0.53222
0.286324
0.468572
0.538652
0.54695
0.435119
0.47517
0.472558
0.557456
0.270283
0.286076
0.233041
0.402008
0.21774
0.316726
0.477751
0.414256
0.125428
0.461199
0.550593
0.475264
0.365973
0.549077
0.466177
0.472087
0.393763
0.47455
0.430442
0.550128
0.457241
0.051853
0.55484
0.417052
0.48744
0.332124
0.283271
0.52525
0.125952
0.447619
0.304009
0.537693
0.378392
0.0954134
0.466161
0.538322
0.21143
0.324112
0.456929
0.547471
0.473475
0.499322
0.360117
0.367983
0.511207
0.412823
0.384892
0.559833
0.362461
0.526037
0.496211
0.533773
0.449069
0.546623
0.471813
0.510336
0.434391
0.301705
0.276204
0.166278
0.519624
0.471396
0.177382
0.332013
0.347471
0.555867
0.511958
0.191722
0.509686
0.430575
0.560231
0.555615
0.0498758
0.332423
0.485143
0.343785
0.368228
0.332625
0.521903
0.563907
0.24495
0.149632
0.244113
0.381098
0.414889
0.488334
0.351766
0.412726
0.277416
0.403953
0.538477
0.560576
0.361079
0.145854
0.284168
0.482837
0.408868
0.51765
0.422448
0.544119
0.39702
0.470095
0.366298
0.40432
0.435319
0.534329
0.561
0.39403
0.516325
0.272269
0.216445
0.451729
0.392865
0.367438
0.466295
0.405453
0.0985348
0.454149
0.267421
0.558605
0.534772
0.0685094
0.511571
0.263701
0.458986
0.372091
0.338076
0.532285
0.535684
0.419322
0.562475
0.559258
0.394031
0.531515
0.447035
0.475255
0.551858
0.326433
0.335866
0.282733
0.499277
0.132601
0.357213
0.365393
0.411317
0.545846
0.534034
0.351684
0.38802
0.449673
0.443767
0.0230056
0.5485
0.264263
0.330544
0.55443
0.415115
0.454174
0.372316
0.246896
0.436229
0.497209
0.277241
0.354218
0.545373
0.435306
0.312103
0.269415
0.402086
0.382365
0.452277
0.449166
0.413564
0.506024
0.2178
0.470675
0.247275
0.397875
0.440465
0.522435
0.3383
0.53086
0.529407
0.426186
0.365528
0.484904
0.223164
0.431678
0.257731
0.305897
0.47917
0.274418
0.235017
0.327287
0.522016
0.27174
0.545626
0.248357
0.511355
0.416998
0.351629
0.381771
0.465301
0.44679
0.212337
0.449645
0.290421
0.372792
0.539678
0.329303
0.480477
0.387233
0.366624
0.206074
0.28398
0.17847
0.497479
0.358801
0.394697
0.435015
0.532028
0.387474
0.29942
0.473232
0.450103
0.0889499
0.493003
0.311507
0.438225
0.542822
0.121848
0.54497
0.353598
0.488634
0.524648
0.480424
0.50676
0.414288
0.372535
0.511998
0.298808
0.346659
0.248451
0.303464
0.372645
0.199828
0.353884
0.375842
0.396798
0.352862
0.306062
0.120415
0.438701
0.54717
0.292816
0.259217
0.520979
0.183183
0.500661
0.169809
0.404974
0.418696
0.308661
0.365349
0.512912
0.495459
0.39834
0.228526
0.385342
0.299452
0.476667
0.543725
0.512966
0.471545
0.398206
0.403687
0.431848
0.547261
0.418788
0.336573
0.33319
0.468073
0.267544
0.39028
0.409744
0.480739
0.504465
0.560076
0.510889
0.352549
0.448292
0.194038
0.563466
0.543348
0.255136
0.115674
0.397006
0.191903
0.395147
0.352394
0.53056
0.158497
0.37034
0.476902
0.492925
0.279878
0.557049
0.282091
0.447661
0.314602
0.546946
0.340895
0.54808
0.544009
0.208255
0.55804
0.431901
0.340428
0.218079
0.195553
0.214066
0.417492
0.217917
0.35032
0.547646
0.504605
0.390571
0.404962
0.563535
0.126116
0.50891
0.52207
0.277314
0.410206
0.475132
0.508524
0.196979
0.473926
0.343629
0.488379
0.472507
0.367977
0.434119
0.502104
0.39835
0.418777
0.536873
0.527814
0.445827
0.48677
0.521709
0.310102
0.397572
0.520307
0.248821
0.559257
0.347753
0.307369
0.350741
0.403214
0.367474
0.156734
0.159157
0.397076
0.158232
0.560548
0.486069
0.523765
0.513701
0.411646
0.248902
0.195354
0.104768
0.420025
0.219239
0.539865
0.560915
0.395503
0.279322
0.41872
0.33927
0.425757
0.225175
0.244759
0.200819
0.343305
0.0806344
0.311681
0.325159
0.412402
0.176301
0.225954
0.488096
0.19772
0.216648
0.291492
0.329692
0.288505
0.531868
0.379547
0.291054
0.531017
0.466296
0.434547
0.36398
0.208192
0.430585
0.368627
0.531673
0.407792
0.39293
0.192323
0.563948
0.433487
0.515139
0.4584
0.130993
0.0592488
0.335124
0.55223
0.0471123
0.249177
0.333858
0.280393
0.25046
0.249541
0.545955
0.217289
0.551187
0.271056
0.331814
0.344632
0.259302
0.241602
0.136726
0.129179
0.178301
0.436486
0.435717
0.243331
0.325094
0.307028
0.316956
0.364402
0.338358
0.548908
0.522059
0.432893
0.453583
0.189856
0.263665
0.464884
0.203654
0.53793
0.521572
0.503118
0.330913
0.519777
0.157835
0.342878
0.416697
0.207996
0.301237
0.330332
0.422837
0.319897
0.320474
0.509829
0.293609
0.492804
0.555719
0.209521
0.534695
0.463628
0.433704
0.491164
0.491132
0.192073
0.545506
0.282053
0.397903
0.501916
0.423213
0.195195
0.494949
0.521968
0.425199
0.126969
0.258154
0.511011
0.556199
0.31358
0.105643
0.296897
0.299679
0.534101
0.203433
0.229119
0.506002
0.559498
0.451932
0.20795
0.295611
0.128735
0.122161
0.552159
0.530515
0.432437
0.511809
0.151227
0.414202
0.457131
0.480864
0.190419
0.404676
0.495846
0.48468
0.471102
0.380668
0.283459
0.392977
0.132169
0.336714
0.329124
0.405475
0.554312
0.455882
0.390864
0.440901
0.218539
0.478371
0.528708
0.398586
0.400472
0.168449
0.270992
0.399339
0.272573
0.529209
0.400964
0.536244
0.277171
0.341595
0.237066
0.362697
0.534952
0.221619
0.315941
0.405471
0.505477
0.551454
0.498083
0.221559
0.538404
0.517649
0.40929
0.164115
0.196263
0.518389
0.557106
0.44634
0.5436
0.452846
0.516969
0.348645
0.189567
0.372863
0.477537
0.493719
0.447072
0.378974
0.321061
0.471469
0.467137
0.0564422
0.257793
0.56073
0.408422
0.439642
0.441015
0.365785
0.458374
0.494739
0.527418
0.422132
0.523845
0.262454
0.109878
0.387195
0.529271
0.551225
0.377032
0.504096
0.323871
0.357708
0.189291
0.537529
0.208054
0.423351
0.298419
0.187423
0.491909
0.364598
0.52958
0.272482
0.288475
0.552677
0.15511
0.326993
0.470042
0.489664
0.151791
0.422817
0.352413
0.432972
0.306148
0.511651
0.409664
0.290404
0.541937
0.335965
0.492363
0.0425904
0.497533
0.281158
0.535726
0.541991
0.366627
0.272798
0.337111
0.396512
0.367413
0.464226
0.523189
0.561009
0.0507753
0.201351
0.45582
0.399421
0.462102
0.560336
0.242968
0.0346894
0.413823
0.167069
0.499421
0.445018
0.475842
0.367895
0.36194
0.546864
0.431618
0.389145
0.512295
0.340964
0.376408
0.560023
0.459906
0.143044
0.351573
0.332606
0.234859
0.369975
0.368595
0.441885
0.0695068
0.17025
0.373567
0.383202
0.382376
0.130368
0.35442
0.391963
0.134236
0.373169
0.49471
0.3235
0.476062
0.391435
0.261059
0.385174
0.379992
0.175436
0.167215
0.335522
0.130298
0.370772
0.445933
0.497995
0.402439
0.387894
0.399893
0.441591
0.306923
0.542718
0.168195
0.476254
0.203823
0.417546
0.412528
0.428645
0.366505
0.409006
0.505298
0.356538
0.0520959
0.309128
0.451688
0.403771
0.211709
0.422643
0.445263
0.284011
0.0677286
0.255914
0.0770086
0.200011
0.286621
0.462505
0.45386
0.342095
0.266637
0.527088
0.24532
0.457968
0.222315
0.447248
0.503063
0.352576
0.452908
0.493204
0.510009
0.557524
0.248508
0.496997
0.170582
0.357378
0.456678
0.517906
0.416032
0.532964
0.157743
0.514686
0.563555
0.269522
0.42392
0.480824
0.179886
0.426211
0.428487
0.301347
0.519328
0.36604
0.405691
0.264673
0.5038
0.435677
0.335756
0.326184
0.505642
0.488091
0.520783
0.326352
0.433216
0.366882
0.189973
0.421346
0.52015
0.430977
0.292133
0.189624
0.426646
0.231235
0.269449
0.395397
0.509245
0.520299
0.49417
0.21916
0.164423
0.381924
0.513407
0.421503
0.515619
0.486153
0.236097
0.250991
0.281376
0.344403
0.524821
0.287222
0.52842
0.370606
0.186616
0.506711
0.542141
0.105424
0.515326
0.508493
0.379605
0.433084
0.347357
0.49394
0.23299
0.280994
0.0575511
0.530139
0.406714
0.195029
0.333505
0.501528
0.563438
0.295214
0.459903
0.536506
0.176829
0.563267
0.150692
0.0350339
0.506597
0.500273
0.446402
0.528065
0.452112
0.492285
0.561817
0.554772
0.425141
0.382457
0.327112
0.500931
0.347537
0.354944
0.197424
0.558694
0.215577
0.516663
0.465069
0.261369
0.0960513
0.204571
0.465295
0.321653
0.499243
0.293015
0.343129
0.444685
0.169636
0.364978
0.417344
0.447745
0.296663
0.550835
0.498723
0.516381
0.30593
0.499979
0.140428
0.269564
0.485089
0.446939
0.233497
0.486952
0.2584
0.409355
0.539642
0.289268
0.220324
0.160477
0.496583
0.337503
0.372473
0.341341
0.0806032
0.112198
0.464061
0.497787
0.435147
0.557042
0.515776
0.326281
0.196444
0.432747
0.562836
0.371671
0.522661
0.513006
0.510757
0.304372
0.436699
0.374596
0.198966
0.277631
0.511902
0.193768
0.377902
0.389748
0.44048
0.406688
0.559252
0.19382
0.405378
0.507763
0.277974
0.535653
0.51306
0.497813
0.554644
0.181711
0.367401
0.269822
0.189116
0.35891
0.441095
0.221744
0.272114
0.469158
0.547624
0.410607
0.184546
0.275113
0.323793
0.482286
0.36735
0.272209
0.367747
0.453528
0.375959
0.198846
0.481453
0.118553
0.187112
0.4389
0.240573
0.521215
0.203618
0.204521
0.437861
0.151792
0.427318
0.370915
0.251501
0.498615
0.220614
0.519712
0.408979
0.45796
0.489865
0.378418
0.143719
0.437461
0.441049
0.0374466
0.112734
0.115315
0.194827
0.240319
0.365796
0.172762
0.545688
0.48626
0.457265
0.224655
0.516999
0.0698694
0.491614
0.169611
0.553193
0.261124
0.285781
0.295424
0.2619
0.468336
0.278654
0.528988
0.224293
0.286605
0.23463
0.487121
0.543345
0.0831854
0.343928
0.436901
0.478004
0.31413
0.285019
0.308226
0.270607
0.399423
0.493788
0.266315
0.515537
0.294291
0.541759
0.248164
0.489261
0.287345
0.435939
0.36626
0.0974093
0.0346686
0.383457
0.505718
0.508102
0.382728
0.29818
0.429612
0.271733
0.482772
0.241212
0.203563
0.550283
0.46419
0.198574
0.0655861
0.198927
0.373306
0.224684
0.413274
0.211095
0.522343
0.308051
0.420772
0.329055
0.186442
0.351692
0.494258
0.486817
0.292574
0.476357
0.315373
0.42174
0.355454
0.282474
0.147803
0.386064
0.472423
0.272044
0.461458
0.419293
0.483853
0.340366
0.54408
0.276143
0.319092
0.230709
0.364634
0.299931
0.531901
0.312568
0.424674
0.398819
0.323139
0.355452
0.231176
0.502555
0.370285
0.421712
0.220996
0.484568
0.553196
0.349333
0.376728
0.466344
0.546446
0.379691
0.121989
0.488109
0.510553
0.282021
0.422161
0.213249
0.189112
0.327859
0.454085
0.234607
0.244297
0.254788
0.45539
0.513305
0.0892365
0.382878
0.337658
0.550757
0.264508
0.232226
0.393962
0.0681474
0.258786
0.164962
0.514539
0.0443682
0.547129
0.542689
0.360111
0.260628
0.434776
0.547824
0.171106
0.52105
0.0932851
0.389952
0.0479569
0.371999
0.484574
0.282614
0.270127
0.503978
0.148097
0.142434
0.246655
0.319749
0.315186
0.334515
0.361027
0.147926
0.353824
0.240981
0.27011
0.309318
0.517847
0.331631
0.557163
0.553727
0.380902
0.460492
0.420962
0.498966
0.458267
0.446178
0.318536
0.37966
0.499823
0.522783
0.409945
0.365593
0.274122
0.437594
0.482877
0.417835
0.284282
0.225506
0.159101
0.41725
0.383079
0.39485
0.557922
0.458617
0.427368
0.476331
0.122447
0.458603
0.530472
0.222833
0.502874
0.341301
0.427686
0.142667
0.473846
0.328778
0.400178
0.452877
0.300555
0.456716
0.470747
0.494965
0.457109
0.454011
0.447746
0.319557
0.520682
0.496465
0.234937
0.336106
0.488994
0.389092
0.45106
0.435121
0.502546
0.548033
0.252222
0.554665
0.313267
0.461158
0.55137
0.526683
0.463781
0.135322
0.530891
0.457977
0.422167
0.35465
0.179672
0.406706
0.497041
0.353259
0.193728
0.451387
0.23722
0.292127
0.539922
0.29126
0.267927
0.303781
0.443243
0.379212
0.518204
0.518268
0.335552
0.18332
0.367556
0.281578
0.344131
0.563721
0.176054
0.421049
0.442834
0.328548
0.405199
0.236818
0.255423
0.491645
0.471642
0.331166
0.474999
0.190817
0.411233
0.292913
0.255141
0.227656
0.405998
0.344402
0.516478
0.432223
0.161028
0.194202
0.333803
0.306922
0.528893
0.51513
0.201627
0.413893
0.240002
0.349776
0.505538
0.260706
0.488543
0.241667
0.476232
0.111934
0.418147
0.113699
0.428127
0.0661771
0.273958
0.517623
0.160107
0.400386
0.364179
0.498697
0.391526
0.550556
0.405873
0.0232135
0.3795
0.341921
0.542511
0.257682
0.558782
0.340169
0.51104
0.408243
0.538664
0.449754
0.383745
0.375938
0.297033
0.40877
0.449847
0.524685
0.485281
0.377646
0.288617
0.298972
0.422466
0.48035
0.0910433
0.458045
0.530389
0.396446
0.465842
0.270975
0.0834113
0.337798
0.554634
0.393056
0.338677
0.329461
0.28104
0.356703
0.257318
0.144125
0.496235
0.198572
0.560523
0.289622
0.558691
0.03501
0.47799
0.444252
0.489341
0.346713
0.236538
0.257797
0.182973
0.479529
0.375371
0.511409
0.383345
0.291431
0.393012
0.408215
0.467019
0.246071
0.204253
0.505549
0.498963
0.397454
0.544832
0.390551
0.475471
0.507777
0.0801051
0.508701
0.442387
0.362773
0.505155
0.491081
0.382602
0.263892
0.559357
0.318869
0.451212
0.511376
0.466057
0.507262
0.353811
0.47515
0.477936
0.539387
0.495971
0.311006
0.211672
0.485285
0.455825
0.493168
0.533336
0.0656814
0.49979
0.197481
0.224335
0.292783
0.233
0.402572
0.187984
0.528199
0.167435
0.27323
0.513345
0.251431
0.542413
0.437708
0.0787604
0.41212
0.513507
0.0146918
0.35546
0.392508
0.438731
0.32396
0.373191
0.445013
0.398624
0.172477
0.48181
0.269219
0.543877
0.432258
0.465303
0.484376
0.192182
0.206789
0.517297
0.30041
0.152023
0.293426
0.174506
0.537103
0.541965
0.551089
0.412269
0.325186
0.391321
0.393704
0.280642
0.426777
0.114322
0.157714
0.332941
0.553944
0.183945
0.421337
0.385091
0.181503
0.368115
0.54713
0.551102
0.313108
0.365401
0.519374
0.559943
0.543268
0.449844
0.489775
0.504198
0.492749
0.170585
0.383384
0.516136
0.546599
0.301314
0.498731
0.303595
0.447182
0.457866
0.268994
0.416406
0.332765
0.488102
0.368114
0.542013
0.473419
0.0775348
0.365251
0.122487
0.23487
0.468109
0.0699247
0.230934
0.532445
0.525828
0.223546
0.4342
0.398582
0.331356
0.331815
0.365744
0.147896
0.543329
0.205386
0.314732
0.273022
0.506869
0.339464
0.418558
0.24152
0.558135
0.253677
0.513553
0.392416
0.500066
0.45535
0.537615
0.561199
0.296109
0.440166
0.548315
0.39975
0.417831
0.161884
0.478699
0.380673
0.389822
0.461952
0.467111
0.476356
0.291699
0.477825
0.314041
0.30802
0.412452
0.305233
0.30941
0.523801
0.507148
0.313619
0.315141
0.520433
0.170103
0.502432
0.535149
0.322528
0.421032
0.526778
0.55392
0.470028
0.16925
0.402087
0.407542
0.474989
0.448203
0.547388
0.530846
0.178601
0.283862
0.425628
0.319421
0.289275
0.33594
0.523343
0.391572
0.526138
0.336085
0.072237
0.408491
0.441035
0.353492
0.507853
0.164006
0.269328
0.108697
0.519562
0.302147
0.323373
0.351298
0.232862
0.192688
0.368235
0.45046
0.069986
0.444291
0.433136
0.494693
0.372311
0.561037
0.468612
0.531671
0.362842
0.379351
0.367459
0.386401
0.383443
0.256191
0.400835
0.374249
0.354365
0.377674
0.339296
0.407749
0.444931
0.44602
0.524107
0.47736
0.524254
0.533189
0.489808
0.404144
0.167691
0.4955
0.455882
0.395647
0.272198
0.190556
0.298871
0.336961
0.201439
0.415059
0.235927
0.55517
0.531438
0.319923
0.251406
0.289201
0.184788
0.555209
0.260919
0.441414
0.109306
0.522195
0.165528
0.47787
0.415856
0.223856
0.539523
0.395493
0.509857
0.497533
0.287381
0.467053
0.529982
0.473874
0.492906
0.298044
0.307616
0.362132
0.297434
0.198552
0.422843
0.429432
0.176762
0.487014
0.364207
0.518663
0.0767612
0.192886
0.38015
0.380137
0.540496
0.0162653
0.555375
0.544424
0.559143
0.455009
0.410608
0.218646
0.249031
0.404939
0.0813896
0.493892
0.461304
0.14284
0.309307
0.391253
0.470113
0.296496
0.473083
0.257146
0.360664
0.274421
0.292525
0.254638
0.443418
0.462941
0.557005
0.464814
0.482312
0.49211
0.523228
0.217028
0.555224
0.159285
0.450515
0.456377
0.319536
0.199912
0.234119
0.16849
0.553095
0.389188
0.424633
0.45539
0.508056
0.55155
0.355883
0.330471
0.373327
0.0790479
0.543912
0.426224
0.231747
0.48902
0.501151
0.123227
0.494675
0.415075
0.527991
0.395974
0.535215
0.0933211
0.514727
0.28067
0.366985
0.171556
0.564185
0.474687
0.392343
0.500495
0.330172
0.562956
0.424955
0.184331
0.130263
0.547278
0.407762
0.231565
0.310729
0.125425
0.448006
0.436266
0.386782
0.0805601
0.462807
0.354251
0.239583
0.489738
0.533833
0.106723
0.351554
0.460767
0.538293
0.399906
0.202363
0.276398
0.492578
0.242879
0.478853
0.255114
0.371891
0.390776
0.560154
0.355973
0.483699
0.407086
0.177925
0.407091
0.305454
0.367028
0.487564
0.478969
0.151498
0.524964
0.246657
0.344664
0.348108
0.333259
0.210801
0.312623
0.346457
0.502703
0.301328
0.267735
0.528282
0.47767
0.397759
0.481377
0.244286
0.540784
0.363236
0.425883
0.509088
0.366685
0.393087
0.45386
0.352118
0.440066
0.297723
0.25161
0.464488
0.474818
0.0874576
0.524485
0.460218
0.27736
0.530907
0.417304
0.524035
0.489877
0.173288
0.416146
0.541584
0.223
0.479584
0.272991
0.544289
0.273127
0.518311
0.47435
0.426826
0.296747
0.431246
0.397872
0.381358
0.026043
0.508199
0.460572
0.379368
0.164919
0.175515
0.42053
0.42063
0.0524584
0.309879
0.248582
0.481395
0.191322
0.480422
0.476213
0.190697
0.199511
0.476566
0.51616
0.289039
0.22929
0.544926
0.528256
0.29423
0.116848
0.540634
0.526036
0.469844
0.541504
0.425626
0.277028
0.221647
0.552942
0.422805
0.533521
0.371645
0.520768
0.414408
0.460326
0.390142
0.519078
0.483391
0.500268
0.319633
0.357503
0.35283
0.195894
0.247169
0.478348
0.479276
0.449232
0.466254
0.408618
0.164455
0.0913137
0.288946
0.321722
0.224265
0.435335
0.438964
0.204683
0.181509
0.420014
0.458135
0.275201
0.530611
0.542541
0.546514
0.361502
0.256689
0.0329932
0.389357
0.40655
0.138423
0.475875
0.17952
0.445494
0.165538
0.531346
0.23799
0.433777
0.187908
0.3389
0.333055
0.55055
0.242459
0.55355
0.148533
0.533591
0.356626
0.315304
0.291792
0.438782
0.473017
0.536457
0.326651
0.534048
0.231518
0.226578
0.458614
0.372158
0.562702
0.389413
0.516793
0.498715
0.36484
0.259096
0.422967
0.196764
0.276695
0.370853
0.504908
0.447148
0.139465
0.563365
0.534517
0.43711
0.341089
0.539536
0.293139
0.249672
0.354641
0.496545
0.34322
0.547662
0.473344
0.267799
0.467127
0.417107
0.251464
0.510466
0.420873
0.503129
0.547817
0.462976
0.467243
0.271917
0.104127
0.392629
0.444824
0.438267
0.520281
0.485422
0.466302
0.518254
0.43647
0.51726
0.29122
0.555664
0.525152
0.456895
0.32847
0.501664
0.247348
0.360971
0.549566
0.0706941
0.529264
0.431623
0.473555
0.506385
0.38448
0.280464
0.311278
0.138731
0.267891
0.300057
0.523446
0.240247
0.429397
0.393639
0.422754
0.434294
0.513417
0.182616
0.513682
0.392919
0.463969
0.287721
0.0695094
0.18692
0.508938
0.337593
0.44893
0.341832
0.474417
0.540943
0.415851
0.551607
0.466912
0.534862
0.193084
0.394343
0.517534
0.276044
0.373001
0.213886
0.393522
0.477756
0.506605
0.266642
0.0605265
0.371375
0.283236
0.508259
0.523866
0.360688
0.227267
0.228338
0.545369
0.347494
0.4995
0.507888
0.557041
0.508688
0.535772
0.411402
0.445385
0.558151
0.231214
0.479776
0.545877
0.461993
0.458785
0.468843
0.329996
0.523325
0.384498
0.559251
0.115473
0.12386
0.108532
0.550748
0.463351
0.0590603
0.236395
0.454636
0.432477
0.46052
0.536429
0.488377
0.438752
0.323278
0.205871
0.516732
0.366261
0.140348
0.12052
0.54483
0.334591
0.170379
0.490205
0.147296
0.424997
0.560976
0.181677
0.496456
0.47152
0.280567
0.335414
0.258334
0.480359
0.39674
0.559934
0.355006
0.38101
0.563488
0.283072
0.542446
0.392901
0.544693
0.384036
0.288066
0.409716
0.402869
0.487942
0.257087
0.504636
0.170332
0.53717
0.476811
0.234318
0.0819352
0.387332
0.400419
0.513026
0.540465
0.268546
0.512846
0.240821
0.227559
0.243731
0.439305
0.549184
0.519562
0.310435
0.357951
0.314812
0.535035
0.534128
0.460018
0.404647
0.415238
0.0913376
0.396343
0.331889
0.0438435
0.397436
0.216935
0.517968
0.547758
0.284647
0.189739
0.526288
0.467421
0.116461
0.216714
0.496492
0.445703
0.545905
0.27784
0.548967
0.313502
0.370677
0.532072
0.549828
0.266455
0.495822
0.393473
0.454166
0.097223
0.168055
0.26311
0.268192
0.502407
0.429424
0.478099
0.210043
0.385417
0.327069
0.313466
0.276301
0.541268
0.182345
0.43884
0.347383
0.480262
0.419445
0.388438
0.50278
0.347428
0.347377
0.40275
0.466446
0.556634
0.517221
0.20508
0.470147
0.0429836
0.420044
0.559641
0.167183
0.50338
0.281534
0.142602
0.478773
0.238686
0.182554
0.450601
0.488289
0.180449
0.307208
0.232154
0.475795
0.172598
0.546065
0.404153
0.380675
0.409148
0.547475
0.543282
0.368408
0.337878
0.512859
0.532961
0.535706
0.508886
0.406554
0.28019
0.255214
0.204382
0.432236
0.460849
0.544874
0.527686
0.401493
0.314081
0.442445
0.207276
0.394549
0.374733
0.414384
0.448657
0.362348
0.406914
0.471535
0.56281
0.541337
0.130862
0.254612
0.546069
0.489963
0.420712
0.457871
0.377792
0.171718
0.544498
0.275669
0.399686
0.52414
0.427217
0.538363
0.400809
0.317837
0.551778
0.452291
0.305649
0.480704
0.0826072
0.314126
0.190196
0.116923
0.517391
0.373227
0.151612
0.468329
0.532838
0.554827
0.507356
0.386119
0.554643
0.133576
0.174678
0.160668
0.0708155
0.500407
0.476023
0.4217
0.432909
0.364673
0.502419
0.273507
0.51166
0.563311
0.477423
0.116245
0.39508
0.433633
0.409771
0.528667
0.27705
0.50452
0.537862
0.563751
0.532514
0.490708
0.204753
0.438237
0.380957
0.524219
0.549676
0.35588
0.289445
0.425421
0.119545
0.426033
0.418413
0.509145
0.387937
0.287197
0.187713
0.394523
0.342508
0.221442
0.230814
0.550843
0.274968
0.197927
0.392272
0.514719
0.505283
0.439771
0.434673
0.265214
0.542446
0.405393
0.390004
0.219555
0.274764
0.248897
0.0334468
0.14666
0.473079
0.0865655
0.460708
0.144201
0.546412
0.409482
0.362686
0.390167
0.533325
0.37332
0.4832
0.112005
0.354924
0.347126
0.316072
0.523246
0.213783
0.221099
0.214061
0.37348
0.113029
0.420984
0.493552
0.538367
0.486502
0.190271
0.415409
0.422951
0.363503
0.504069
0.540332
0.443844
0.436489
0.485176
0.170563
0.142872
0.503524
0.534943
0.454154
0.389408
0.447876
0.371001
0.429281
0.261499
0.438027
0.491145
0.492123
0.425719
0.364639
0.390402
0.415039
0.325258
0.542734
0.556902
0.44953
0.506344
0.312271
0.490014
0.240459
0.551577
0.541704
0.111266
0.466684
0.460625
0.0972531
0.356058
0.544557
0.466361
0.498804
0.196955
0.259035
0.533541
0.438044
0.417199
0.262702
0.534495
0.355108
0.296826
0.106595
0.549082
0.551741
0.408523
0.552899
0.103094
0.246074
0.253475
0.370257
0.389527
0.409988
0.298249
0.48732
0.240518
0.383699
0.428507
0.23637
0.0492392
0.0693652
0.128983
0.369014
0.554776
0.513172
0.522591
0.547533
0.282517
0.330299
0.368038
0.558744
0.176646
0.428535
0.378878
0.381767
0.400242
0.332329
0.373791
0.312902
0.434953
0.162689
0.406252
0.299932
0.537997
0.462793
0.485765
0.27968
0.189377
0.448549
0.324445
0.139657
0.51361
0.431414
0.226992
0.425852
0.369397
0.533201
0.360564
0.37353
0.0477932
0.439475
0.513668
0.485814
0.503737
0.265127
0.399239
0.0902827
0.34654
0.516237
0.362076
0.205568
0.295223
0.541422
0.526676
0.288907
0.201024
0.479608
0.365878
0.293245
0.385788
0.379341
0.0864346
0.387295
0.552271
0.357778
0.490769
0.304746
0.442832
0.262743
0.0928678
0.346259
0.417862
0.385918
0.496777
0.420191
0.407158
0.241896
0.423308
0.334062
0.374323
0.31669
0.413073
0.336323
0.378764
0.536625
0.518162
0.418199
0.329529
0.430601
0.236554
0.439729
0.451389
0.286304
0.159958
0.559863
0.2779
0.478589
0.521356
0.529986
0.547386
0.500209
0.25298
0.237803
0.530894
0.51461
0.523331
0.513633
0.521939
0.032264
0.553866
0.417847
0.509896
0.530348
0.274498
0.398555
0.259657
0.538295
0.442406
0.322461
0.303031
0.42395
0.126816
0.228392
0.27385
0.478888
0.555402
0.407882
0.320619
0.488045
0.395998
0.53544
0.493248
0.164387
0.517042
0.343068
0.358435
0.435216
0.210523
0.191334
0.554963
0.489619
0.49415
0.183805
0.517863
0.247589
0.473607
0.354181
0.412874
0.459249
0.230099
0.422992
0.267418
0.539179
0.545536
0.10278
0.497333
0.482343
0.343738
0.483048
0.296988
0.189542
0.544176
0.496553
0.501394
0.540926
0.418604
0.28542
0.354211
0.462104
0.138531
0.307363
0.242561
0.426399
0.052659
0.363531
0.524567
0.27108
0.082079
0.477588
0.333608
0.371707
0.299343
0.303269
0.254481
0.358621
0.454485
0.33779
0.457749
0.429511
0.460982
0.342259
0.208417
0.414072
0.554912
0.505768
0.405088
0.354667
0.486399
0.505294
0.260382
0.514223
0.512848
0.289893
0.286972
0.301017
0.326437
0.397429
0.519358
0.1847
0.284499
0.463865
0.238603
0.092691
0.452608
0.368295
0.552366
0.539426
0.558327
0.415248
0.392052
0.479874
0.54015
0.277107
0.384533
0.364052
0.534111
0.471639
0.252202
0.37576
0.26244
0.448413
0.526409
0.370047
0.288136
0.44794
0.400055
0.370686
0.282088
0.419677
0.484766
0.156713
0.484299
0.247547
0.440786
0.498456
0.504431
0.253035
0.455283
0.468199
0.376963
0.12437
0.475898
0.294503
0.405498
0.545185
0.503523
0.523375
0.293857
0.370752
0.511963
0.363107
0.441907
0.109376
0.458888
0.470443
0.465228
0.113066
0.0424429
0.191417
0.456196
0.444917
0.558131
0.548821
0.506501
0.472355
0.518192
0.269551
0.348037
0.480246
0.49086
0.557034
0.336725
0.488959
0.462475
0.237659
0.299093
0.341655
0.329208
0.36904
0.555713
0.500804
0.458291
0.492136
0.262018
0.546942
0.197009
0.322975
0.499424
0.502716
0.554454
0.553374
0.4989
0.239622
0.485138
0.182879
0.536732
0.541545
0.551112
0.521955
0.521336
0.489783
0.279907
0.514135
0.17162
0.224973
0.35772
0.432248
0.253754
0.53767
0.177923
0.398397
0.414745
0.364171
0.391409
0.188824
0.42887
0.445447
0.535955
0.526544
0.552493
0.321425
0.138406
0.384084
0.249069
0.404196
0.307992
0.445773
0.274755
0.545668
0.438295
0.235955
0.461596
0.311791
0.552075
0.562687
0.443317
0.537938
0.318769
0.294755
0.330307
0.470867
0.485261
0.375735
0.284928
0.430451
0.337393
0.405742
0.354819
0.37236
0.540708
0.196073
0.539345
0.336406
0.361736
0.199743
0.437548
0.448179
0.508031
0.453606
0.23819
0.44336
0.546998
0.320621
0.507523
0.349064
0.411708
0.534331
0.21489
0.263518
0.424098
0.467486
0.275404
0.501062
0.306527
0.182468
0.560618
0.528184
0.282942
0.0957835
0.365369
0.446869
0.535689
0.515704
0.344764
0.0403946
0.223043
0.4861
0.389406
0.417872
0.531626
0.529931
0.526211
0.373724
0.461943
0.268589
0.122272
0.354178
0.372534
0.493465
0.346802
0.378353
0.39531
0.246167
0.444795
0.271585
0.393055
0.312429
0.561865
0.503245
0.137992
0.367704
0.0408356
0.123022
0.188745
0.0660388
0.293299
0.223088
0.506998
0.306693
0.380711
0.041659
0.449346
0.170192
0.356482
0.527393
0.24244
0.39448
0.422518
0.16146
0.387803
0.498399
0.502128
0.506531
0.312168
0.345714
0.449744
0.558874
0.510186
0.40094
0.527034
0.244952
0.198054
0.195101
0.516176
0.176946
0.246032
0.19126
0.383759
0.0550818
0.250889
0.424277
0.4701
0.446187
0.482256
0.532856
0.0912075
0.275874
0.386527
0.431521
0.129991
0.261624
0.143259
0.448349
0.510186
0.392982
0.305285
0.556636
0.560367
0.0834338
0.420895
0.502482
0.433084
0.365303
0.161047
0.377739
0.552165
0.274895
0.0785814
0.121963
0.361676
0.522347
0.40035
0.534346
0.552056
0.517263
0.355702
0.426054
0.389873
0.489344
0.409317
0.288901
0.551148
0.563917
0.494156
0.37773
0.445071
0.260032
0.264169
0.477258
0.465066
0.156409
0.472317
0.554685
0.40705
0.420735
0.459538
0.246181
0.56225
0.453427
0.446405
0.068917
0.498346
0.557889
0.484743
0.541599
0.563791
0.291116
0.50164
0.536142
0.400887
0.451408
0.229848
0.382934
0.447137
0.405013
0.258188
0.49199
0.448982
0.517764
0.503255
0.441961
0.424008
0.45844
0.554367
0.520985
0.374905
0.32678
0.328578
0.413979
0.536303
0.435691
0.560114
0.145027
0.419109
0.421587
0.429042
0.356677
0.278304
0.431873
0.183682
0.378455
0.423929
0.207491
0.261095
0.382646
0.553796
0.373806
0.536038
0.435638
0.420783
0.509608
0.343452
0.332285
0.534771
0.545697
0.290512
0.268084
0.487477
0.271875
0.515617
0.457463
0.489895
0.105357
0.176389
0.501801
0.372464
0.089786
0.456381
0.405845
0.505165
0.303588
0.368089
0.545399
0.210465
0.518539
0.252756
0.257857
0.479682
0.245017
0.503346
0.369088
0.520567
0.388333
0.385257
0.512108
0.261238
0.36026
0.5232
0.440207
0.512851
0.377547
0.304942
0.541166
0.295578
0.0253328
0.530735
0.536111
0.476495
0.294663
0.401655
0.245782
0.4434
0.509747
0.520147
0.360013
0.382097
0.508974
0.291573
0.522168
0.451247
0.391639
0.449553
0.548121
0.291451
0.161643
0.435281
0.216367
0.519939
0.55296
0.447981
0.35886
0.478593
0.156012
0.225275
0.429177
0.39996
0.373157
0.299669
0.436697
0.33387
0.456159
0.511303
0.484483
0.439854
0.384045
0.439371
0.563735
0.537798
0.342929
0.355464
0.449883
0.425706
0.513557
0.474973
0.51688
0.40933
0.506533
0.349463
0.286166
0.537067
0.53844
0.528418
0.306828
0.520019
0.330675
0.419982
0.283624
0.367857
0.540424
0.535808
0.419051
0.00713759
0.468633
0.544786
0.509665
0.368365
0.471293
0.543856
0.345829
0.517021
0.260125
0.489388
0.509191
0.554323
0.299794
0.413865
0.542429
0.416718
0.134409
0.532164
0.186619
0.528523
0.240612
0.517567
0.111532
0.509194
0.17731
0.0228667
0.44023
0.537936
0.268774
0.314574
0.011309
0.489525
0.529642
0.470601
0.419166
0.167578
0.496262
0.41965
0.407828
0.563383
0.0440557
0.391298
0.417549
0.458541
0.531866
0.336641
0.487793
0.396627
0.272747
0.538012
0.420176
0.517343
0.500248
0.311958
0.378967
0.0879564
0.392545
0.224727
0.419235
0.211906
0.559031
0.101699
0.175516
0.429295
0.521327
0.292378
0.460278
0.231365
0.363893
0.497767
0.410969
0.507363
0.518933
0.503446
0.494577
0.367102
0.448902
0.0701369
0.484171
0.441848
0.303589
0.380855
0.497169
0.22024
0.21404
0.553182
0.427536
0.298595
0.462285
0.545706
0.498056
0.482807
0.562436
0.475823
0.403566
0.356894
0.35552
0.482477
0.221707
0.345751
0.560884
0.438221
0.489813
0.494052
0.0741708
0.388205
0.28523
0.463371
0.0661594
0.189113
0.338175
0.369532
0.205286
0.214509
0.428183
0.414954
0.428488
0.326015
0.5528
0.277079
0.455451
0.495124
0.556191
0.516311
0.383391
0.198292
0.191734
0.141986
0.385366
0.30452
0.334518
0.409395
0.441
0.484582
0.462192
0.33924
0.395774
0.412992
0.505869
0.53252
0.17805
0.52922
0.17506
0.208343
0.53873
0.328443
0.529529
0.343762
0.437857
0.540017
0.466879
0.300224
0.229958
0.217555
0.14998
0.470979
0.333365
0.524644
0.390718
0.436255
0.551596
0.112852
0.377658
0.488532
0.449573
0.531244
0.374392
0.132075
0.124606
0.511287
0.532803
0.0258758
0.33527
0.202575
0.492018
0.195622
0.427828
0.397029
0.172573
0.390667
0.397788
0.542641
0.465721
0.301939
0.473409
0.40503
0.545695
0.23852
0.540288
0.185571
0.296459
0.419234
0.202695
0.326239
0.468493
0.560263
0.519177
0.245532
0.217898
0.554503
0.50676
0.411431
0.526154
0.2906
0.54666
0.519226
0.516957
0.484697
0.418934
0.514543
0.27597
0.291695
0.439682
0.385545
0.420121
0.364496
0.558104
0.339504
0.558286
0.192547
0.419587
0.487364
0.362891
0.323959
0.353182
0.270985
0.30786
0.323408
0.424168
0.510835
0.3872
0.169482
0.460064
0.484916
0.493436
0.522972
0.561035
0.433298
0.237648
0.564066
0.440705
0.562796
0.155394
0.563197
0.541384
0.472105
0.352943
0.319375
0.475325
0.386672
0.406015
0.191257
0.360374
0.263472
0.306212
0.533554
0.31671
0.249472
0.198669
0.0836134
0.211657
0.360912
0.474507
0.383333
0.491895
0.481661
0.449569
0.463756
0.516865
0.476512
0.206891
0.15995
0.519227
0.539524
0.420195
0.470109
0.190085
0.511432
0.474295
0.512237
0.253774
0.366115
0.369274
0.172446
0.237222
0.317927
0.556112
0.239986
0.557679
0.315806
0.0207252
0.465124
0.538471
0.450832
0.486462
0.151074
0.17577
0.30285
0.504198
0.494737
0.486381
0.528883
0.283902
0.491589
0.512471
0.520945
0.273476
0.539324
0.250166
0.368652
0.518574
0.217465
0.561726
0.419736
0.32247
0.425889
0.164543
0.41866
0.478337
0.220142
0.524818
0.202602
0.334494
0.461858
0.167852
0.446148
0.529385
0.312396
0.530196
0.4648
0.101399
0.529761
0.323835
0.229208
0.552723
0.489698
0.522778
0.308754
0.373069
0.520126
0.269561
0.457851
0.388001
0.52938
0.140573
0.347583
0.134971
0.530722
0.231004
0.439401
0.355551
0.52572
0.236056
0.24144
0.543376
0.514296
0.514173
0.200585
0.361329
0.429493
0.51442
0.420443
0.474653
0.495732
0.500848
0.0680901
0.504084
0.472095
0.541824
0.525087
0.071402
0.246803
0.238731
0.27292
0.530162
0.510585
0.0857166
0.54846
0.530791
0.0669796
0.528627
0.0609306
0.0884292
0.531516
0.475835
0.165688
0.402891
0.462849
0.377648
0.322473
0.472756
0.52409
0.509093
0.457636
0.191464
0.433107
0.384824
0.275475
0.52174
0.0458732
0.188349
0.206228
0.439465
0.338149
0.399385
0.213923
0.325652
0.388838
0.24595
0.562673
0.495477
0.373417
0.414059
0.355318
0.21657
0.393395
0.364331
0.446718
0.493638
0.352458
0.289616
0.497412
0.539735
0.438006
0.506797
0.408784
0.285409
0.127077
0.458757
0.330495
0.293353
0.512666
0.366999
0.452727
0.220348
0.457964
0.556204
0.424645
0.256532
0.491619
0.345623
0.324838
0.404786
0.397875
0.436993
0.560438
0.284475
0.551703
0.31218
0.499407
0.530514
0.393779
0.346393
0.380989
0.243086
0.123279
0.378765
0.551317
0.501443
0.404167
0.113385
0.509992
0.0755587
0.376666
0.274157
0.445408
0.149273
0.412303
0.510292
0.248008
0.461321
0.532936
0.398048
0.529408
0.434324
0.234307
0.487053
0.366497
0.248581
0.47303
0.413203
0.0565311
0.484932
0.435286
0.338917
0.545693
0.155096
0.193377
0.388609
0.507369
0.216462
0.0944715
0.27598
0.427334
0.2395
0.458259
0.281253
0.479382
0.0610993
0.188637
0.521374
0.532693
0.518708
0.386391
0.120036
0.50211
0.521816
0.252468
0.410977
0.222712
0.547445
0.225052
0.297342
0.281334
0.203313
0.431639
0.367046
0.377131
0.479914
0.542131
0.37884
0.552325
0.407134
0.215029
0.34175
0.494667
0.186299
0.425919
0.371279
0.39402
0.367333
0.434214
0.226736
0.374347
0.292701
0.454903
0.366574
0.24916
0.533674
0.141723
0.408161
0.331123
0.259073
0.53917
0.369197
0.172002
0.167398
0.434652
0.267823
0.331237
0.242823
0.309695
0.230789
0.331043
0.362915
0.269726
0.345634
0.48741
0.506752
0.189686
0.507401
0.519218
0.358989
0.438167
0.258145
0.425514
0.262106
0.356048
0.422642
0.43889
0.477042
0.5156
0.485056
0.534981
0.517088
0.518062
0.159608
0.158238
0.171431
0.485876
0.550763
0.416682
0.381313
0.267649
0.377029
0.45666
0.55773
0.337675
0.424851
0.384264
0.397597
0.543747
0.202355
0.140378
0.394266
0.448029
0.464546
0.419633
0.504389
0.544802
0.485415
0.323651
0.524266
0.417404
0.287953
0.152663
0.426017
0.520229
0.532021
0.120123
0.532907
0.522975
0.202776
0.140896
0.239932
0.435716
0.200846
0.545042
0.431828
0.114042
0.473834
0.486589
0.431003
0.380983
0.540695
0.33266
0.164491
0.451134
0.192532
0.280147
0.546184
0.345801
0.51667
0.0981329
0.388924
0.488053
0.539114
0.277659
0.45059
0.26977
0.447318
0.15574
0.467783
0.531212
0.444763
0.489277
0.162211
0.319178
0.134089
0.335912
0.521689
0.262616
0.407129
0.549428
0.0495228
0.396715
0.544192
0.464894
0.450962
0.532925
0.52518
0.235375
0.266389
0.538641
0.294596
0.353675
0.445112
0.221228
0.230964
0.442717
0.518535
0.561388
0.409574
0.349454
0.539251
0.0970424
0.274235
0.529473
0.267159
0.43702
0.275279
0.235
0.539138
0.430603
0.294942
0.235133
0.261971
0.459116
0.49245
0.42194
0.297154
0.327692
0.519928
0.334651
0.268628
0.222694
0.413199
0.517838
0.522307
0.312744
0.342386
0.480429
0.143392
0.457315
0.432083
0.463937
0.471642
0.324617
0.546324
0.378812
0.510414
0.497903
0.478355
0.13576
0.222172
0.290779
0.368872
0.369672
0.439791
0.412371
0.487863
0.201915
0.463755
0.495752
0.522003
0.41058
0.548438
0.450834
0.506747
0.510208
0.464318
0.35313
0.302403
0.395694
0.247863
0.522514
0.479809
0.444475
0.256297
0.344468
0.283058
0.398326
0.41492
0.189167
0.369923
0.358516
0.463067
0.184253
0.412962
0.399242
0.210472
0.561526
0.461968
0.367925
0.43166
0.343926
0.41394
0.251353
0.521095
0.407185
0.327903
0.220044
0.428682
0.186177
0.239631
0.5566
0.519788
0.45796
0.492894
0.450481
0.0649424
0.468013
0.292054
0.45857
0.286708
0.301254
0.528791
0.210684
0.473835
0.503468
0.546733
0.134103
0.415947
0.218718
0.524188
0.261402
0.547286
0.554759
0.522336
0.537493
0.163191
0.215426
0.350035
0.342701
0.21259
0.315274
0.297085
0.239909
0.0449264
0.426744
0.421748
0.485935
0.561208
0.516957
0.479031
0.26495
0.416464
0.528707
0.374887
0.454443
0.331474
0.392117
0.356674
0.204758
0.480574
0.364981
0.451505
0.495403
0.421559
0.314579
0.232797
0.405844
0.499424
0.498141
0.251891
0.225284
0.499237
0.551119
0.305088
0.450316
0.219734
0.345285
0.560974
0.558253
0.230258
0.373953
0.47291
0.425186
0.400366
0.432052
0.283639
0.52594
0.33199
0.425572
0.508149
0.552665
0.355984
0.227009
0.560283
0.160117
0.463453
0.0725757
0.190577
0.472479
0.111373
0.545828
0.511022
0.416487
0.535351
0.479916
0.0703204
0.176225
0.486867
0.528639
0.463901
0.542647
0.0207866
0.509106
0.33892
0.126245
0.409072
0.461183
0.249181
0.380793
0.294122
0.460819
0.38307
0.1909
0.26149
0.339992
0.384877
0.353553
0.157854
0.466337
0.438986
0.236791
0.411248
0.537412
0.391671
0.550406
0.51536
0.451473
0.287699
0.332234
0.199446
0.32955
0.330678
0.453897
0.224107
0.523705
0.390127
0.272768
0.402562
0.468637
0.21371
0.407522
0.522428
0.550051
0.248742
0.54231
0.465286
0.527103
0.133244
0.364169
0.356763
0.383203
0.400715
0.3426
0.382364
0.437263
0.382541
0.484412
0.558826
0.55962
0.521921
0.560199
0.18158
0.535674
0.555332
0.359007
0.306001
0.154798
0.270303
0.508373
0.0712604
0.199159
0.316875
0.477858
0.550694
0.429308
0.377656
0.461718
0.291239
0.420458
0.341699
0.538645
0.412368
0.454487
0.384108
0.22459
0.316246
0.461696
0.232532
0.0460504
0.556086
0.46852
0.319146
0.553818
0.491869
0.333682
0.0777568
0.276317
0.35359
0.383596
0.370413
0.43107
0.394742
0.395449
0.562201
0.475641
0.334576
0.42704
0.543495
0.443134
0.347678
0.416079
0.555518
0.328338
0.276584
0.253204
0.243184
0.419015
0.363234
0.389405
0.405312
0.043978
0.195568
0.387551
0.380462
0.561295
0.56178
0.491329
0.316149
0.38285
0.271386
0.504595
0.54803
0.0728636
0.321434
0.341201
0.553301
0.413778
0.204752
0.43574
0.269887
0.55079
0.233779
0.469935
0.380546
0.337332
0.338234
0.401551
0.491532
0.525203
0.384334
0.325807
0.512615
0.457165
0.33434
0.268919
0.367268
0.160708
0.466516
0.359207
0.526399
0.531891
0.48524
0.341036
0.0355314
0.458256
0.170565
0.179182
0.273434
0.475526
0.419057
0.301617
0.367634
0.287594
0.232566
0.514668
0.127691
0.540144
0.535623
0.196015
0.471765
0.368988
0.551023
0.474579
0.13897
0.481184
0.353376
0.392759
0.0745449
0.361566
0.455058
0.524172
0.321916
0.479425
0.239251
0.342045
0.364924
0.376049
0.468384
0.450514
0.429701
0.303947
0.547658
0.39884
0.248268
0.389371
0.192593
0.398158
0.393804
0.37624
0.302768
0.236255
0.214016
0.364621
0.496883
0.206507
0.473841
0.202114
0.536303
0.433314
0.547229
0.461556
0.324528
0.53355
0.139492
0.356683
0.384509
0.378147
0.279592
0.409472
0.55521
0.290425
0.419889
0.211318
0.517714
0.133677
0.407194
0.486853
0.214118
0.478731
0.10705
0.164717
0.424673
0.383967
0.374744
0.560479
0.454069
0.342602
0.417738
0.0217124
0.532793
0.383209
0.488493
0.429371
0.323934
0.425188
0.43338
0.549168
0.545822
0.396666
0.532693
0.519859
0.439623
0.483962
0.548195
0.431044
0.309357
0.188845
0.0588722
0.034764
0.508305
0.337927
0.425398
0.562276
0.239319
0.164322
0.473016
0.527832
0.443692
0.395091
0.116523
0.539388
0.503414
0.155234
0.346989
0.292696
0.397231
0.428268
0.342645
0.181593
0.228345
0.191746
0.306593
0.280164
0.371286
0.485813
0.487774
0.422677
0.211201
0.26542
0.474394
0.501312
0.413599
0.311692
0.473295
0.509944
0.391996
0.361261
0.0361722
0.165474
0.497891
0.164319
0.456796
0.416698
0.241906
0.511672
0.46174
0.326596
0.56081
0.269816
0.540507
0.45077
0.496405
0.0968928
0.473595
0.505899
0.401753
0.314398
0.223505
0.451976
0.273343
0.15813
0.302445
0.516861
0.389061
0.33794
0.0634787
0.492724
0.498906
0.390807
0.278482
0.507486
0.357018
0.141696
0.190231
0.483974
0.414231
0.551297
0.45892
0.274324
0.375731
0.140688
0.17516
0.557283
0.0251556
0.36235
0.445802
0.436296
0.522465
0.063173
0.478231
0.494878
0.216816
0.197409
0.461987
0.336514
0.278999
0.118298
0.538538
0.369147
0.203179
0.472823
0.278025
0.348293
0.218813
0.131577
0.189059
0.295455
0.226791
0.493829
0.333263
0.287103
0.286743
0.337693
0.257572
0.560119
0.335106
0.312684
0.358492
0.494182
0.502935
0.434887
0.0765783
0.44995
0.502888
0.182072
0.333951
0.404307
0.118981
0.390145
0.550632
0.546879
0.392
0.426551
0.524673
0.148318
0.409984
0.203403
0.401271
0.527959
0.473264
0.285117
0.295337
0.399935
0.346822
0.232765
0.481441
0.382956
0.396556
0.282561
0.454544
0.243963
0.436563
0.213685
0.550809
0.27784
0.551936
0.531161
0.500141
0.450774
0.547105
0.397944
0.396887
0.223473
0.530725
0.332238
0.278376
0.469249
0.379519
0.219662
0.47906
0.466867
0.467493
0.424716
0.346599
0.0426357
0.558928
0.554571
0.517646
0.327857
0.418441
0.132516
0.258945
0.363758
0.431637
0.32959
0.47874
0.40426
0.0833986
0.280304
0.429624
0.496818
0.477471
0.36405
0.503155
0.313253
0.25409
0.53584
0.347539
0.385445
0.403897
0.415689
0.507597
0.344861
0.416323
0.463206
0.546316
0.550885
0.462241
0.495512
0.305099
0.555832
0.493808
0.282634
0.511722
0.351276
0.324715
0.30523
0.253177
0.384138
0.345968
0.53849
0.472323
0.302878
0.462264
0.53226
0.404743
0.458945
0.384321
0.505656
0.412667
0.459331
0.239823
0.518674
0.435473
0.549766
0.449852
0.188606
0.271106
0.49621
0.516705
0.551661
0.519298
0.502839
0.395898
0.486494
0.474008
0.378596
0.24633
0.524268
0.449109
0.52297
0.53187
0.42364
0.256894
0.426373
0.521184
0.362259
0.211098
0.541867
0.320783
0.311382
0.391802
0.351415
0.402196
0.195084
0.389359
0.437363
0.128195
0.478661
0.395465
0.454136
0.430442
0.546614
0.231147
0.166425
0.372269
0.336395
0.072635
0.425399
0.124086
0.56283
0.159505
0.334609
0.489651
0.358999
0.554733
0.32087
0.274365
0.452164
0.271365
0.243328
0.282643
0.170018
0.291469
0.450081
0.0839823
0.359149
0.459106
0.290825
0.521003
0.371513
0.462115
0.438111
0.455973
0.529347
0.256032
0.264642
0.541444
0.200539
0.368146
0.219332
0.139051
0.540476
0.518001
0.486143
0.457436
0.377236
0.545325
0.51456
0.240351
0.272427
0.467862
0.50934
0.545538
0.205589
0.48103
0.423795
0.220523
0.481683
0.489156
0.505462
0.227572
0.399208
0.469187
0.341636
0.452497
0.196191
0.337968
0.0867139
0.0891179
0.330835
0.21993
0.540788
0.452418
0.329791
0.483367
0.417506
0.490552
0.107664
0.120035
0.498043
0.131374
0.307343
0.420295
0.216259
0.348325
0.326674
0.469219
0.552106
0.497116
0.322342
0.262398
0.391049
0.291696
0.444416
0.378666
0.556074
0.54979
0.0935624
0.260716
0.0670829
0.440356
0.495412
0.0981544
0.471092
0.549676
0.362865
0.315059
0.189906
0.267566
0.174985
0.4895
0.440391
0.350161
0.114771
0.405622
0.279642
0.56208
0.418119
0.514054
0.46471
0.430938
0.394562
0.562852
0.363391
0.394607
0.517648
0.374492
0.0532561
0.489886
0.415584
0.276011
0.382941
0.530423
0.371392
0.535999
0.340411
0.411569
0.525128
0.313013
0.293337
0.324073
0.305645
0.429814
0.365017
0.127417
0.265344
0.426825
0.252389
0.360269
0.244939
0.496968
0.438504
0.513519
0.459792
0.40407
0.542676
0.461686
0.462588
0.472895
0.513844
0.285223
0.376895
0.318928
0.442922
0.379408
0.463259
0.411064
0.549091
0.378437
0.511946
0.380322
0.331535
0.445421
0.45275
0.283423
0.357352
0.464081
0.489332
0.54147
0.456898
0.383112
0.514754
0.465268
0.0809946
0.347732
0.411
0.220247
0.31198
0.227655
0.39586
0.229057
0.307911
0.0605623
0.459032
0.456491
0.518154
0.225936
0.326362
0.544298
0.491991
0.466117
0.485674
0.428024
0.337373
0.505193
0.501265
0.14306
0.446828
0.545003
0.305165
0.179526
0.486986
0.564042
0.248001
0.388077
0.563934
0.493803
0.058516
0.50349
0.182568
0.535252
0.206068
0.199459
0.443262
0.328494
0.446024
0.1145
0.268173
0.289581
0.482895
0.383484
0.526445
0.372274
0.421266
0.293141
0.283834
0.480581
0.499273
0.521516
0.460904
0.440391
0.358479
0.287565
0.298047
0.362086
0.406772
0.439438
0.209384
0.526955
0.50422
0.55637
0.339068
0.335677
0.41963
0.451151
0.544324
0.29831
0.4698
0.490713
0.357165
0.440439
0.456854
0.327795
0.366202
0.497253
0.423336
0.429604
0.534266
0.37534
0.431307
0.314345
0.356585
0.498004
0.0686061
0.407715
0.212657
0.505351
0.270934
0.521895
0.426087
0.562884
0.320372
0.346936
0.322845
0.340901
0.227495
0.453835
0.218726
0.121736
0.393866
0.56296
0.51899
0.543989
0.0919174
0.18177
0.419094
0.536196
0.418433
0.464609
0.451628
0.451531
0.101722
0.331454
0.504357
0.272406
0.151225
0.399372
0.443881
0.324031
0.526641
0.320519
0.335236
0.535514
0.551468
0.445227
0.412564
0.242403
0.407386
0.561648
0.537485
0.437678
0.446835
0.296639
0.25082
0.481618
0.371288
0.515345
0.516451
0.164707
0.35678
0.180974
0.316468
0.191351
0.311008
0.249112
0.45101
0.264391
0.540046
0.312469
0.312053
0.42547
0.288059
0.301573
0.0748633
0.541869
0.385766
0.416905
0.30296
0.314074
0.36054
0.413581
0.402336
0.157241
0.392665
0.187002
0.371942
0.3956
0.295004
0.180773
0.385051
0.383307
0.47824
0.272381
0.341797
0.387181
0.316591
0.262378
0.540992
0.307129
0.44029
0.472796
0.529165
0.126063
0.182499
0.431508
0.376044
0.397295
0.287485
0.523755
0.285473
0.562265
0.418781
0.126766
0.391369
0.381575
0.498096
0.515666
0.310085
0.550205
0.211481
0.391339
0.272798
0.344295
0.554424
0.244983
0.542485
0.487807
0.278436
0.378794
0.175295
0.386859
0.234489
0.283464
0.451195
0.101497
0.546413
0.433402
0.54949
0.43414
0.488309
0.197941
0.495139
0.495553
0.377587
0.542434
0.499381
0.415528
0.498368
0.222924
0.54585
0.181267
0.536366
0.23176
0.145701
0.533277
0.471291
0.513297
0.434715
0.218483
0.373246
0.513034
0.334642
0.532478
0.49337
0.366642
0.513033
0.304144
0.290567
0.544403
0.49773
0.432288
0.0973483
0.346113
0.257928
0.465376
0.303108
0.117706
0.414714
0.138191
0.322371
0.263813
0.500832
0.220056
0.523262
0.071577
0.403839
0.123213
0.433186
0.141421
0.0293511
0.393829
0.384582
0.367406
0.36413
0.531578
0.237239
0.490475
0.106158
0.104239
0.477145
0.0724255
0.553973
0.505195
0.536465
0.505535
0.147203
0.195461
0.286886
0.471968
0.422297
0.247742
0.477539
0.527772
0.303855
0.555179
0.380829
0.481137
0.0634982
0.533445
0.250301
0.0333258
0.451687
0.377093
0.265723
0.24558
0.352538
0.284213
0.157261
0.51048
0.334669
0.519891
0.336671
0.513273
0.302476
0.515681
0.204485
0.51295
0.515871
0.402023
0.499248
0.401624
0.523287
0.344485
0.520463
0.485828
0.4018
0.323597
0.0704103
0.49365
0.0818593
0.509216
0.308732
0.485293
0.118005
0.287924
0.239304
0.47723
0.310639
0.182389
0.382688
0.462392
0.210869
0.514474
0.395459
0.356386
0.301617
0.366769
0.477968
0.395159
0.528165
0.249508
0.161544
0.536699
0.0569882
0.390318
0.160618
0.226268
0.285678
0.228834
0.538649
0.491716
0.361729
0.527559
0.377486
0.529125
0.510397
0.525223
0.435213
0.561584
0.183898
0.453395
0.156985
0.275338
0.531744
0.399037
0.393573
0.50791
0.210529
0.292142
0.3445
0.363737
0.504093
0.228737
0.422215
0.427242
0.0667347
0.217764
0.525438
0.397838
0.0948046
0.425255
0.434621
0.516082
0.561235
0.356708
0.349778
0.52766
0.152157
0.369382
0.308214
0.52074
0.561332
0.241781
0.445813
0.195731
0.511231
0.525438
0.393702
0.244355
0.472957
0.543253
0.498465
0.297034
0.430825
0.336684
0.298126
0.531138
0.401693
0.499977
0.553781
0.423008
0.545564
0.436413
0.270614
0.47394
0.137251
0.457046
0.441012
0.300345
0.0614201
0.243995
0.362966
0.251491
0.404588
0.0972399
0.289399
0.21296
0.445586
0.372202
0.471667
0.424716
0.35086
0.54417
0.36502
0.207912
0.371306
0.42069
0.463288
0.547228
0.441102
0.400662
0.181324
0.0399006
0.140126
0.491184
0.505125
0.238811
0.288278
0.552609
0.204269
0.225077
0.522023
0.447144
0.520757
0.53902
0.522158
0.171844
0.268576
0.461181
0.175425
0.533452
0.421169
0.55747
0.118431
0.429139
0.509942
0.336057
0.0981226
0.342395
0.153129
0.178404
0.414611
0.426009
0.38477
0.121266
0.383911
0.237923
0.540047
0.341592
0.118139
0.543207
0.178047
0.512144
0.239063
0.446237
0.146191
0.376936
0.549971
0.424749
0.525016
0.176981
0.519208
0.518728
0.426725
0.478083
0.306403
0.167101
0.333375
0.252581
0.410715
0.497316
0.515844
0.0894277
0.290134
0.449411
0.238878
0.549138
0.266272
0.440433
0.345598
0.364699
0.50253
0.204992
0.499404
0.485154
0.552452
0.555012
0.451042
0.479102
0.515705
0.380406
0.475287
0.422768
0.274927
0.545974
0.282169
0.557318
0.181667
0.425996
0.528529
0.400711
0.233642
0.315358
0.159312
0.178821
0.35883
0.419442
0.318357
0.369238
0.46476
0.110739
0.398387
0.193823
0.431629
0.556597
0.465821
0.249499
0.515238
0.563785
0.535226
0.468833
0.510385
0.264666
0.437268
0.457339
0.480587
0.160063
0.49322
0.453883
0.390762
0.36896
0.514939
0.500291
0.420564
0.145004
0.251007
0.466155
0.443108
0.224264
0.427589
0.468469
0.517869
0.416584
0.210886
0.247142
0.0740452
0.395123
0.344328
0.223752
0.388629
0.441682
0.408169
0.478494
0.161248
0.527623
0.0749296
0.377211
0.540947
0.48807
0.495747
0.424738
0.341694
0.488541
0.173946
0.436499
0.25881
0.478766
0.515968
0.496662
0.400409
0.366599
0.219196
0.541209
0.471074
0.12677
0.412603
0.531021
0.547787
0.554153
0.336605
0.390207
0.41354
0.485671
0.379336
0.511773
0.183181
0.488259
0.410758
0.46189
0.442859
0.393396
0.392209
0.268119
0.478796
0.320292
0.462133
0.393221
0.249083
0.526666
0.482133
0.449596
0.559799
0.369851
0.442014
0.0987487
0.52822
0.291817
0.344951
0.509883
0.218097
0.416612
0.360442
0.499646
0.392103
0.51544
0.0877221
0.314396
0.168806
0.427916
0.378673
0.291156
0.0983498
0.480334
0.272459
0.443565
0.419713
0.318205
0.306469
0.268915
0.313187
0.0396196
0.52983
0.267981
0.514896
0.367235
0.503567
0.236547
0.373159
0.346079
0.563825
0.29972
0.261477
0.0596413
0.509779
0.420139
0.256007
0.41545
0.335646
0.373655
0.549443
0.538223
0.413951
0.476333
0.196976
0.44988
0.377841
0.0728108
0.540614
0.485314
0.205754
0.306526
0.140295
0.290382
0.281505
0.244095
0.560975
0.0916566
0.428029
0.431414
0.225638
0.259425
0.418329
0.144097
0.332674
0.427583
0.371766
0.439214
0.479398
0.506833
0.380847
0.376109
0.162806
0.407182
0.268041
0.411119
0.313677
0.275822
0.550933
0.389956
0.232545
0.317219
0.275646
0.515628
0.289611
0.453348
0.518382
0.432631
0.467845
0.558047
0.0783225
0.53566
0.248006
0.442625
0.414563
0.387305
0.355935
0.308855
0.489693
0.435039
0.0345003
0.519334
0.487411
0.522688
0.303496
0.386734
0.135936
0.464258
0.378216
0.563667
0.533147
0.349005
0.334246
0.541843
0.553354
0.444864
0.395947
0.49956
0.557068
0.337898
0.412947
0.526873
0.273383
0.274934
0.211073
0.340465
0.386695
0.385041
0.127477
0.106129
0.4759
0.325571
0.471455
0.0972667
0.413815
0.488471
0.391967
0.269309
0.392624
0.362715
0.434705
0.458054
0.313294
0.418531
0.0911264
0.38223
0.237533
0.189904
0.241936
0.427859
0.526138
0.340997
0.444007
0.286199
0.537908
0.450231
0.196072
0.531976
0.403812
0.534589
0.459415
0.288829
0.488399
0.480868
0.321202
0.394096
0.428097
0.444924
0.305115
0.390893
0.512069
0.189309
0.296961
0.294609
0.511706
0.407174
0.524278
0.267754
0.359496
0.513443
0.418926
0.392711
0.111617
0.509262
0.49173
0.193332
0.420069
0.173719
0.369929
0.458308
0.433392
0.404015
0.425234
0.453027
0.392404
0.304046
0.198669
0.0341942
0.484326
0.422042
0.517702
0.349891
0.129303
0.500056
0.201938
0.225648
0.383474
0.386372
0.286801
0.190793
0.128582
0.556988
0.453231
0.263538
0.19775
0.49807
0.397507
0.225386
0.261295
0.559284
0.563713
0.437529
0.486722
0.354855
0.492804
0.561486
0.306243
0.533313
0.486818
0.322629
0.560323
0.363525
0.45837
0.43533
0.341208
0.272785
0.0262702
0.373847
0.408083
0.0825328
0.458567
0.225879
0.552259
0.479475
0.463322
0.433584
0.31064
0.20237
0.350389
0.386672
0.412284
0.550258
0.251907
0.429193
0.288959
0.482477
0.239354
0.557941
0.503141
0.420174
0.495562
0.531515
0.460082
0.453327
0.516364
0.348494
0.411331
0.409271
0.304924
0.329705
0.484709
0.215125
0.418365
0.466342
0.508497
0.451582
0.386469
0.276894
0.281753
0.428095
0.41952
0.500466
0.510619
0.511785
0.494878
0.219829
0.427588
0.447856
0.408026
0.416754
0.456406
0.488828
0.52584
0.504056
0.264743
0.482682
0.448857
0.535273
0.313348
0.328993
0.551621
0.410139
0.51424
0.502218
0.419044
0.468957
0.556878
0.244686
0.285511
0.202564
0.409009
0.553139
0.107699
0.37522
0.511764
0.461058
0.156146
0.343033
0.229458
0.0225382
0.511272
0.157204
0.524098
0.264782
0.516594
0.54094
0.337643
0.369755
0.517393
0.410685
0.402169
0.0534774
0.0183062
0.470181
0.465451
0.559449
0.486927
0.541971
0.319663
0.365674
0.346199
0.345592
0.260596
0.475717
0.229138
0.285226
0.411332
0.42042
0.469299
0.536446
0.474065
0.314199
0.416634
0.338455
0.372968
0.525699
0.559643
0.242063
0.517822
0.549926
0.540904
0.303781
0.435535
0.504791
0.335091
0.496399
0.491723
0.490407
0.402955
0.363856
0.340912
0.425339
0.336261
0.289794
0.265407
0.327787
0.221132
0.541552
0.333676
0.513381
0.247011
0.437201
0.423877
0.498082
0.181763
0.362451
0.389549
0.375715
0.384852
0.341777
0.483944
0.125748
0.540894
0.472713
0.485452
0.276354
0.387671
0.340757
0.559502
0.52262
0.418531
0.0952566
0.182088
0.458106
0.515914
0.507445
0.272626
0.359688
0.206911
0.407597
0.156996
0.361762
0.208433
0.531977
0.426643
0.100808
0.427885
0.123907
0.45164
0.267506
0.348107
0.322767
0.472269
0.425779
0.200885
0.491213
0.309544
0.276926
0.235036
0.511159
0.547167
0.188596
0.112895
0.553222
0.532782
0.52178
0.283544
0.10803
0.261813
0.292994
0.473521
0.173571
0.480543
0.522118
0.529786
0.488329
0.195292
0.493532
0.531447
0.515688
0.397297
0.324412
0.538066
0.435668
0.549871
0.48854
0.0572695
0.2366
0.491978
0.563577
0.398922
0.4604
0.135329
0.563115
0.126365
0.204065
0.489629
0.304136
0.0594326
0.400731
0.0460237
0.517502
0.390585
0.191065
0.410418
0.537148
0.397522
0.49221
0.156914
0.128833
0.351794
0.421635
0.481495
0.250892
0.446469
0.102326
0.521966
0.390766
0.425008
0.395956
0.228607
0.366928
0.531423
0.38509
0.113749
0.237545
0.369835
0.562377
0.244025
0.237492
0.158752
0.472482
0.237411
0.12838
0.271703
0.53081
0.188014
0.38981
0.229059
0.331077
0.440306
0.386291
0.550986
0.41704
0.262124
0.527367
0.486931
0.21086
0.447009
0.403062
0.54922
0.550963
0.27015
0.381991
0.415684
0.43588
0.463791
0.41779
0.297381
0.377083
0.505551
0.532983
0.200893
0.541962
0.497271
0.385197
0.349103
0.55649
0.345292
0.287559
0.183458
0.189614
0.344638
0.367174
0.360798
0.340531
0.521548
0.389546
0.311269
0.496914
0.488338
0.439062
0.475506
0.428362
0.446065
0.551814
0.49962
0.18712
0.493744
0.539882
0.547565
0.207112
0.537708
0.294422
0.562054
0.0874448
0.487303
0.315771
0.518842
0.507725
0.270007
0.338536
0.325654
0.42154
0.394542
0.198711
0.532661
0.0712208
0.512895
0.522373
0.538264
0.517506
0.465254
0.320163
0.317606
0.252075
0.1151
0.399805
0.524983
0.303753
0.472103
0.309363
0.320959
0.291271
0.418143
0.528256
0.284222
0.333337
0.532695
0.554635
0.415535
0.138254
0.274914
0.422011
0.386579
0.48344
0.310446
0.495263
0.293407
0.401493
0.306266
0.452216
0.481058
0.551607
0.463911
0.37631
0.163086
0.329817
0.440421
0.500237
0.47206
0.208347
0.562844
0.543011
0.535373
0.552101
0.398685
0.464541
0.319918
0.0749368
0.400418
0.497973
0.335358
0.272714
0.54485
0.401782
0.414981
0.5018
0.366392
0.200084
0.507506
0.394353
0.30273
0.54818
0.471461
0.308579
0.480831
0.383821
0.404277
0.485334
0.221603
0.542394
0.403519
0.373355
0.188222
0.440402
0.545457
0.374677
0.320229
0.410769
0.18969
0.533049
0.529172
0.378082
0.459517
0.259772
0.137768
0.224087
0.355532
0.242188
0.106225
0.501204
0.511938
0.11275
0.273843
0.407247
0.561825
0.370923
0.41522
0.276843
0.490456
0.141303
0.284762
0.427664
0.139097
0.432005
0.192328
0.182943
0.209695
0.489307
0.443358
0.521187
0.43492
0.408837
0.399651
0.355705
0.463749
0.39986
0.266029
0.502008
0.374366
0.0813479
0.360264
0.0232308
0.396963
0.322854
0.466744
0.451799
0.514928
0.22453
0.530551
0.431242
0.3201
0.231874
0.524556
0.446855
0.265563
0.47235
0.446893
0.0855907
0.506495
0.333431
0.24791
0.181164
0.546088
0.513614
0.512732
0.089142
0.426011
0.424869
0.280201
0.40354
0.312276
0.546678
0.517916
0.202861
0.53285
0.468771
0.485935
0.558126
0.458259
0.25702
0.561391
0.459134
0.444136
0.301051
0.366143
0.40671
0.545071
0.281691
0.485347
0.516642
0.413101
0.435586
0.208257
0.0722534
0.454481
0.210784
0.547279
0.424274
0.436787
0.385421
0.400892
0.517661
0.224152
0.541458
0.55259
0.562091
0.267959
0.248682
0.326442
0.461522
0.472362
0.270098
0.55381
0.308586
0.55219
0.460416
0.527734
0.250669
0.484294
0.543075
0.422854
0.119538
0.395717
0.234065
0.492227
0.556085
0.432167
0.406387
0.116751
0.479188
0.245921
0.275477
0.544808
0.153276
0.386629
0.492597
0.262193
0.504674
0.190274
0.441265
0.14325
0.399752
0.457153
0.488838
0.350075
0.526914
0.409073
0.477312
0.365055
0.404284
0.097677
0.492129
0.522301
0.552093
0.563295
0.494467
0.458142
0.418916
0.128851
0.44733
0.460275
0.0536521
0.561275
0.50808
0.285526
0.431607
0.55504
0.301261
0.170224
0.555333
0.381448
0.455289
0.55359
0.368203
0.342904
0.388319
0.538853
0.330477
0.445818
0.335846
0.413774
0.551427
0.257678
0.523952
0.21446
0.385592
0.390022
0.529594
0.0998383
0.309653
0.501435
0.167543
0.214005
0.240222
0.54695
0.432048
0.174292
0.552636
0.464997
0.472482
0.245753
0.529232
0.505046
0.558829
0.2022
0.489687
0.300148
0.487777
0.47561
0.505224
0.382695
0.55339
0.477994
0.50821
0.279716
0.24888
0.417443
0.554528
0.316229
0.182299
0.479257
0.457189
0.401746
0.11716
0.496292
0.194724
0.156577
0.393959
0.532223
0.365121
0.0907829
0.2251
0.368149
0.289733
0.340092
0.133355
0.559591
0.204938
0.438556
0.271117
0.161619
0.245861
0.463009
0.305937
0.060784
0.162034
0.303489
0.271672
0.56247
0.478491
0.534905
0.417065
0.330967
0.490514
0.154448
0.406314
0.550191
0.320923
0.113745
0.201726
0.450304
0.433498
0.335132
0.26422
0.20572
0.42503
0.385767
0.442692
0.475926
0.467308
0.38976
0.17863
0.50695
0.465472
0.084889
0.394643
0.325082
0.533194
0.113236
0.101418
0.16777
0.227925
0.561601
0.195684
0.524872
0.181432
0.156669
0.0453984
0.511845
0.0578383
0.448857
0.533823
0.395721
0.335455
0.463721
0.216489
0.450702
0.41098
0.307886
0.231618
0.435292
0.454794
0.238772
0.292325
0.0831099
0.474749
0.4233
0.560621
0.104824
0.241541
0.399232
0.469805
0.562149
0.457698
0.168984
0.492442
0.189846
0.0758907
0.179126
0.231029
0.263181
0.258518
0.489842
0.300723
0.559997
0.229904
0.516893
0.248066
0.248042
0.421451
0.400618
0.290216
0.235845
0.542713
0.50121
0.203937
0.0294628
0.51529
0.528388
0.447805
0.16317
0.503216
0.415648
0.0516236
0.476725
0.519338
0.557907
0.487319
0.173714
0.329348
0.315611
0.394875
0.0963156
0.509796
0.391154
0.43648
0.330151
0.286926
0.540238
0.290305
0.531563
0.31702
0.427332
0.150375
0.555854
0.144367
0.386757
0.556893
0.148264
0.463761
0.165831
0.077773
0.34435
0.552298
0.556374
0.418711
0.560921
0.519464
0.534502
0.488574
0.499815
0.355153
0.544998
0.106286
0.390689
0.346427
0.478263
0.351329
0.319524
0.480253
0.17544
0.226882
0.546667
0.259756
0.447981
0.363314
0.412619
0.423306
0.296805
0.348321
0.238609
0.234022
0.470843
0.426244
0.111017
0.490192
0.351362
0.404359
0.276628
0.391828
0.378227
0.379412
0.519235
0.338071
0.468748
0.44073
0.247799
0.250675
0.535908
0.276844
0.501916
0.411793
0.434479
0.31536
0.213516
0.207293
0.527715
0.197527
0.200454
0.446114
0.311336
0.561109
0.550209
0.332246
0.419987
0.390424
0.387849
0.452944
0.404796
0.54307
0.289758
0.209755
0.16557
0.376063
0.280344
0.490985
0.400583
0.498704
0.526259
0.172464
0.398503
0.0763038
0.365556
0.518445
0.157814
0.0725891
0.262587
0.477
0.476426
0.502745
0.413997
0.469102
0.209443
0.234322
0.194752
0.451284
0.27547
0.4764
0.395397
0.499926
0.306597
0.337147
0.487509
0.53184
0.531454
0.2733
0.51827
0.395456
0.296839
0.380473
0.357317
0.33594
0.524094
0.12314
0.451683
0.302931
0.343573
0.477174
0.389731
0.539329
0.385935
0.377399
0.363252
0.234456
0.371298
0.259522
0.266064
0.496027
0.284095
0.418137
0.431646
0.491726
0.54728
0.451461
0.474054
0.500429
0.512205
0.398283
0.48886
0.409354
0.52606
0.094956
0.165047
0.320963
0.355506
0.255436
0.184233
0.227106
0.313261
0.388358
0.410535
0.555473
0.467362
0.187851
0.266811
0.497104
0.486419
0.523775
0.33391
0.160152
0.290265
0.464328
0.524806
0.380571
0.342946
0.559839
0.507254
0.556515
0.525324
0.252691
0.392761
0.184213
0.491087
0.488856
0.332261
0.156722
0.531113
0.143897
0.316922
0.300519
0.411138
0.226647
0.313884
0.183973
0.17943
0.542251
0.316473
0.285612
0.230101
0.438549
0.534631
0.149206
0.38789
0.319615
0.497468
0.514293
0.45952
0.332684
