100 10189
200 10189
300 10183
400 10177
500 10171
600 10167
700 10155
800 10149
900 10129
1000 10123
1100 10115
1200 10111
1300 10107
1400 10103
1500 10091
1600 10085
1700 10079
1800 10069
1900 10069
2000 10059
2100 10047
2200 10037
2300 10033
2400 10031
2500 10029
2600 10019
2700 10013
2800 10017
2900 10013
3000 10013
3100 10007
3200 9995
3300 9991
3400 9987
3500 9979
3600 9973
3700 9963
3800 9961
3900 9955
4000 9953
4100 9943
4200 9933
4300 9925
4400 9923
4500 9921
4600 9907
4700 9905
4800 9903
4900 9899
5000 9891
5100 9883
5200 9883
5300 9877
5400 9877
5500 9867
5600 9859
5700 9855
5800 9843
5900 9833
6000 9823
6100 9819
6200 9815
6300 9803
6400 9801
6500 9793
6600 9787
6700 9779
6800 9767
6900 9765
7000 9761
7100 9763
7200 9763
7300 9755
7400 9757
7500 9751
7600 9745
7700 9739
7800 9743
7900 9725
8000 9721
8100 9729
8200 9721
8300 9715
8400 9709
8500 9709
8600 9713
8700 9711
8800 9701
8900 9699
9000 9685
9100 9685
9200 9683
9300 9685
9400 9675
9500 9681
9600 9673
9700 9673
9800 9665
9900 9659
10000 9647
10100 9637
10200 9633
10300 9629
10400 9625
10500 9627
10600 9627
10700 9621
10800 9619
10900 9615
11000 9615
11100 9609
11200 9593
11300 9581
11400 9579
11500 9577
11600 9569
11700 9567
11800 9569
11900 9565
12000 9563
12100 9559
12200 9557
12300 9547
12400 9553
12500 9553
12600 9549
12700 9555
12800 9553
12900 9555
13000 9549
13100 9555
13200 9561
13300 9559
13400 9565
13500 9565
13600 9567
13700 9557
13800 9555
13900 9561
14000 9557
14100 9561
14200 9567
14300 9575
14400 9575
14500 9565
14600 9557
14700 9553
14800 9547
14900 9541
15000 9537
15100 9541
15200 9535
15300 9531
15400 9531
15500 9519
15600 9515
15700 9521
15800 9531
15900 9527
16000 9523
16100 9509
16200 9503
16300 9495
16400 9489
16500 9485
16600 9479
16700 9477
16800 9475
16900 9465
17000 9465
17100 9469
17200 9459
17300 9457
17400 9459
17500 9463
17600 9459
17700 9457
17800 9455
17900 9449
18000 9441
18100 9429
18200 9433
18300 9433
18400 9429
18500 9421
18600 9417
18700 9415
18800 9413
18900 9417
19000 9415
19100 9407
19200 9403
19300 9395
19400 9399
19500 9391
19600 9401
19700 9397
19800 9395
19900 9383
20000 9367
20100 9369
20200 9373
20300 9371
20400 9371
20500 9363
20600 9363
20700 9363
20800 9369
20900 9365
21000 9365
21100 9359
21200 9359
21300 9359
21400 9353
21500 9339
21600 9329
21700 9327
21800 9331
21900 9327
22000 9323
22100 9317
22200 9313
22300 9309
22400 9307
22500 9299
22600 9301
22700 9293
22800 9293
22900 9285
23000 9281
23100 9273
23200 9253
23300 9237
23400 9237
23500 9233
23600 9247
23700 9245
23800 9247
23900 9239
24000 9237
24100 9229
24200 9235
24300 9227
24400 9227
24500 9227
24600 9225
24700 9215
24800 9211
24900 9213
25000 9211
25100 9203
25200 9193
25300 9187
25400 9191
25500 9183
25600 9179
25700 9179
25800 9173
25900 9169
26000 9169
26100 9167
26200 9171
26300 9171
26400 9169
26500 9163
26600 9167
26700 9161
26800 9157
26900 9153
27000 9157
27100 9159
27200 9149
27300 9151
27400 9153
27500 9149
27600 9153
27700 9155
27800 9153
27900 9141
28000 9131
28100 9137
28200 9139
28300 9147
28400 9133
28500 9137
28600 9133
28700 9141
28800 9149
28900 9163
29000 9173
29100 9175
29200 9175
29300 9187
29400 9191
29500 9185
29600 9189
29700 9191
29800 9183
29900 9177
30000 9173
30100 9171
30200 9173
30300 9175
30400 9179
30500 9185
30600 9189
30700 9193
30800 9195
30900 9193
31000 9201
31100 9191
31200 9183
31300 9179
31400 9171
31500 9171
31600 9161
31700 9159
31800 9151
31900 9149
32000 9141
32100 9153
32200 9151
32300 9145
32400 9137
32500 9141
32600 9153
32700 9147
32800 9143
32900 9149
33000 9143
33100 9139
33200 9139
33300 9135
33400 9137
33500 9141
33600 9131
33700 9125
33800 9123
33900 9117
34000 9113
34100 9115
34200 9111
34300 9099
34400 9107
34500 9117
34600 9113
34700 9113
34800 9113
34900 9123
35000 9117
35100 9113
35200 9115
35300 9119
35400 9125
35500 9127
35600 9131
35700 9139
35800 9123
35900 9123
36000 9119
36100 9109
36200 9099
36300 9105
36400 9105
36500 9089
36600 9079
36700 9085
36800 9087
36900 9087
37000 9085
37100 9075
37200 9075
37300 9081
37400 9085
37500 9081
37600 9073
37700 9067
37800 9071
37900 9069
38000 9071
38100 9065
38200 9067
38300 9057
38400 9067
38500 9073
38600 9065
38700 9061
38800 9043
38900 9055
39000 9057
39100 9055
39200 9071
39300 9061
39400 9059
39500 9055
39600 9037
39700 9033
39800 9031
39900 9023
40000 9027
40100 9023
40200 9029
40300 9029
40400 9011
40500 9003
40600 8999
40700 9001
40800 9003
40900 8991
41000 8995
41100 8987
41200 8989
41300 8985
41400 8971
41500 8969
41600 8949
41700 8943
41800 8947
41900 8965
42000 8969
42100 8959
42200 8943
42300 8935
42400 8935
42500 8931
42600 8929
42700 8917
42800 8909
42900 8905
43000 8893
43100 8895
43200 8893
43300 8887
43400 8881
43500 8869
43600 8865
43700 8859
43800 8873
43900 8877
44000 8879
44100 8875
44200 8877
44300 8879
44400 8879
44500 8873
44600 8873
44700 8871
44800 8877
44900 8873
45000 8871
45100 8875
45200 8881
45300 8879
45400 8877
45500 8873
45600 8877
45700 8885
45800 8889
45900 8889
46000 8879
46100 8873
46200 8877
46300 8871
46400 8875
46500 8867
46600 8867
46700 8861
46800 8869
46900 8869
47000 8877
47100 8867
47200 8861
47300 8855
47400 8867
47500 8861
47600 8847
47700 8855
47800 8839
47900 8847
48000 8851
48100 8845
48200 8843
48300 8839
48400 8837
48500 8837
48600 8837
48700 8841
48800 8837
48900 8845
49000 8857
49100 8857
49200 8855
49300 8857
49400 8853
49500 8859
49600 8851
49700 8849
49800 8839
49900 8849
50000 8851
50100 8857
50200 8855
50300 8831
50400 8831
50500 8831
50600 8831
50700 8839
50800 8849
50900 8861
51000 8853
51100 8853
51200 8839
51300 8829
51400 8827
51500 8839
51600 8837
51700 8839
51800 8841
51900 8843
52000 8835
52100 8815
52200 8813
52300 8809
52400 8813
52500 8813
52600 8825
52700 8833
52800 8829
52900 8817
53000 8819
53100 8825
53200 8813
53300 8815
53400 8821
53500 8819
53600 8825
53700 8819
53800 8807
53900 8801
54000 8791
54100 8797
54200 8793
54300 8793
54400 8791
54500 8787
54600 8789
54700 8787
54800 8783
54900 8781
55000 8779
55100 8789
55200 8783
55300 8787
55400 8779
55500 8779
55600 8767
55700 8755
55800 8769
55900 8763
56000 8757
56100 8757
56200 8767
56300 8765
56400 8749
56500 8745
56600 8741
56700 8741
56800 8739
56900 8737
57000 8751
57100 8755
57200 8761
57300 8757
57400 8755
57500 8757
57600 8765
57700 8765
57800 8765
57900 8767
58000 8757
58100 8765
58200 8765
58300 8763
58400 8763
58500 8765
58600 8767
58700 8771
58800 8763
58900 8761
59000 8755
59100 8747
59200 8731
59300 8733
59400 8735
59500 8731
59600 8737
59700 8737
59800 8731
59900 8725
60000 8715
60100 8707
60200 8695
60300 8695
60400 8697
60500 8699
60600 8693
60700 8701
60800 8699
60900 8693
61000 8675
61100 8677
61200 8675
61300 8669
61400 8671
61500 8655
61600 8657
61700 8663
61800 8665
61900 8675
62000 8677
62100 8665
62200 8665
62300 8669
62400 8663
62500 8667
62600 8665
62700 8671
62800 8665
62900 8651
63000 8657
63100 8667
63200 8653
63300 8667
63400 8677
63500 8675
63600 8681
63700 8691
63800 8673
63900 8661
64000 8647
64100 8641
64200 8631
64300 8641
64400 8655
64500 8643
64600 8649
64700 8649
64800 8655
64900 8655
65000 8657
65100 8665
65200 8645
65300 8651
65400 8639
65500 8623
65600 8631
65700 8625
65800 8619
65900 8611
66000 8605
66100 8603
66200 8597
66300 8591
66400 8589
66500 8601
66600 8607
66700 8601
66800 8595
66900 8601
67000 8617
67100 8611
67200 8601
67300 8609
67400 8597
67500 8595
67600 8591
67700 8583
67800 8581
67900 8585
68000 8589
68100 8591
68200 8599
68300 8589
68400 8585
68500 8573
68600 8575
68700 8577
68800 8577
68900 8571
69000 8571
69100 8575
69200 8581
69300 8575
69400 8567
69500 8563
69600 8561
69700 8565
69800 8561
69900 8561
70000 8569
70100 8571
70200 8569
70300 8571
70400 8575
70500 8577
70600 8573
70700 8587
70800 8579
70900 8579
71000 8579
71100 8593
71200 8587
71300 8573
71400 8555
71500 8543
71600 8535
71700 8541
71800 8543
71900 8539
72000 8517
72100 8523
72200 8521
72300 8523
72400 8513
72500 8515
72600 8517
72700 8515
72800 8523
72900 8531
73000 8525
73100 8529
73200 8541
73300 8547
73400 8537
73500 8541
73600 8551
73700 8553
73800 8559
73900 8569
74000 8581
74100 8587
74200 8585
74300 8585
74400 8571
74500 8561
74600 8575
74700 8571
74800 8577
74900 8579
75000 8577
75100 8553
75200 8567
75300 8561
75400 8565
75500 8551
75600 8555
75700 8555
75800 8561
75900 8559
76000 8555
76100 8563
76200 8563
76300 8575
76400 8573
76500 8583
76600 8585
76700 8573
76800 8565
76900 8545
77000 8549
77100 8553
77200 8557
77300 8553
77400 8543
77500 8547
77600 8549
77700 8567
77800 8573
77900 8583
78000 8585
78100 8583
78200 8581
78300 8591
78400 8587
78500 8591
78600 8597
78700 8601
78800 8611
78900 8605
79000 8623
79100 8615
79200 8627
79300 8625
79400 8643
79500 8639
79600 8643
79700 8645
79800 8651
79900 8643
80000 8643
80100 8653
80200 8655
80300 8659
80400 8663
80500 8663
80600 8663
80700 8661
80800 8671
80900 8661
81000 8663
81100 8675
81200 8659
81300 8645
81400 8653
81500 8643
81600 8641
81700 8641
81800 8637
81900 8639
82000 8645
82100 8633
82200 8643
82300 8647
82400 8647
82500 8647
82600 8631
82700 8635
82800 8625
82900 8635
83000 8643
83100 8643
83200 8637
83300 8641
83400 8639
83500 8623
83600 8623
83700 8631
83800 8623
83900 8617
84000 8601
84100 8603
84200 8597
84300 8593
84400 8599
84500 8605
84600 8609
84700 8603
84800 8603
84900 8593
85000 8593
85100 8593
85200 8599
85300 8597
85400 8597
85500 8605
85600 8591
85700 8601
85800 8589
85900 8599
86000 8603
86100 8607
86200 8613
86300 8617
86400 8621
86500 8617
86600 8621
86700 8617
86800 8619
86900 8607
87000 8603
87100 8595
87200 8593
87300 8591
87400 8591
87500 8601
87600 8605
87700 8611
87800 8605
87900 8601
88000 8595
88100 8595
88200 8593
88300 8597
88400 8589
88500 8587
88600 8605
88700 8603
88800 8609
88900 8607
89000 8607
89100 8603
89200 8605
89300 8595
89400 8589
89500 8587
89600 8583
89700 8605
89800 8611
89900 8609
90000 8613
90100 8613
90200 8611
90300 8601
90400 8593
90500 8581
90600 8585
90700 8587
90800 8583
90900 8579
91000 8583
91100 8577
91200 8571
91300 8573
91400 8563
91500 8569
91600 8577
91700 8587
91800 8571
91900 8567
92000 8567
92100 8569
92200 8563
92300 8561
92400 8561
92500 8563
92600 8569
92700 8573
92800 8567
92900 8563
93000 8571
93100 8575
93200 8575
93300 8575
93400 8575
93500 8573
93600 8579
93700 8563
93800 8563
93900 8557
94000 8561
94100 8561
94200 8567
94300 8567
94400 8581
94500 8573
94600 8573
94700 8579
94800 8593
94900 8583
95000 8589
95100 8595
95200 8595
95300 8609
95400 8599
95500 8613
95600 8617
95700 8617
95800 8613
95900 8601
96000 8593
96100 8599
96200 8591
96300 8583
96400 8573
96500 8581
96600 8575
96700 8565
96800 8561
96900 8547
97000 8547
97100 8555
97200 8551
97300 8537
97400 8547
97500 8533
97600 8529
97700 8527
97800 8523
97900 8509
98000 8511
98100 8523
98200 8519
98300 8527
98400 8531
98500 8525
98600 8531
98700 8527
98800 8505
98900 8495
99000 8487
99100 8493
99200 8495
99300 8481
99400 8481
99500 8485
99600 8487
99700 8475
99800 8481
99900 8471
100000 8469
100100 8459
100200 8465
100300 8457
100400 8459
100500 8467
100600 8457
100700 8469
100800 8465
100900 8457
101000 8439
101100 8435
101200 8447
101300 8435
101400 8435
101500 8439
101600 8435
101700 8439
101800 8439
101900 8441
102000 8427
