100 10189
200 10179
300 10161
400 10141
500 10117
600 10097
700 10083
800 10065
900 10045
1000 10035
1100 10023
1200 10005
1300 9989
1400 9975
1500 9965
1600 9965
1700 9955
1800 9941
1900 9925
2000 9913
2100 9891
2200 9877
2300 9863
2400 9853
2500 9841
2600 9819
2700 9811
2800 9803
2900 9795
3000 9785
3100 9767
3200 9745
3300 9731
3400 9713
3500 9697
3600 9681
3700 9663
3800 9637
3900 9629
4000 9627
4100 9609
4200 9613
4300 9599
4400 9587
4500 9579
4600 9559
4700 9545
4800 9529
4900 9503
5000 9499
5100 9493
5200 9477
5300 9469
5400 9457
5500 9439
5600 9429
5700 9405
5800 9395
5900 9385
6000 9359
6100 9351
6200 9351
6300 9337
6400 9329
6500 9325
6600 9317
6700 9305
6800 9293
6900 9285
7000 9271
7100 9237
7200 9229
7300 9207
7400 9191
7500 9173
7600 9149
7700 9133
7800 9131
7900 9119
8000 9105
8100 9085
8200 9075
8300 9069
8400 9067
8500 9059
8600 9055
8700 9049
8800 9033
8900 9019
9000 9001
9100 8995
9200 8995
9300 8991
9400 8989
9500 8977
9600 8969
9700 8957
9800 8941
9900 8921
10000 8905
10100 8901
10200 8899
10300 8891
10400 8887
10500 8865
10600 8861
10700 8855
10800 8833
10900 8819
11000 8807
11100 8797
11200 8791
11300 8793
11400 8797
11500 8783
11600 8771
11700 8777
11800 8781
11900 8783
12000 8767
12100 8757
12200 8745
12300 8757
12400 8739
12500 8739
12600 8729
12700 8717
12800 8697
12900 8691
13000 8679
13100 8675
13200 8645
13300 8633
13400 8629
13500 8613
13600 8597
13700 8595
13800 8581
13900 8577
14000 8561
14100 8567
14200 8557
14300 8561
14400 8561
14500 8539
14600 8523
14700 8515
14800 8523
14900 8531
15000 8525
15100 8521
15200 8495
15300 8481
15400 8481
15500 8463
15600 8453
15700 8439
15800 8429
15900 8421
16000 8405
16100 8395
16200 8379
16300 8361
16400 8357
16500 8347
16600 8341
16700 8355
16800 8345
16900 8319
17000 8301
17100 8293
17200 8281
17300 8285
17400 8277
17500 8243
17600 8227
17700 8225
17800 8217
17900 8215
18000 8207
18100 8199
18200 8193
18300 8181
18400 8191
18500 8175
18600 8157
18700 8149
18800 8147
18900 8141
19000 8137
19100 8135
19200 8137
19300 8127
19400 8109
19500 8107
19600 8095
19700 8087
19800 8093
19900 8081
20000 8067
20100 8057
20200 8055
20300 8055
20400 8025
20500 8013
20600 8015
20700 7999
20800 7969
20900 7967
21000 7959
21100 7945
21200 7945
21300 7939
21400 7927
21500 7903
21600 7901
21700 7891
21800 7905
21900 7889
22000 7879
22100 7869
22200 7861
22300 7857
22400 7851
22500 7857
22600 7845
22700 7829
22800 7827
22900 7821
23000 7821
23100 7819
23200 7811
23300 7799
23400 7797
23500 7785
23600 7779
23700 7771
23800 7777
23900 7763
24000 7745
24100 7737
24200 7723
24300 7719
24400 7697
24500 7689
24600 7689
24700 7695
24800 7685
24900 7651
25000 7633
25100 7641
25200 7637
25300 7633
25400 7639
25500 7625
25600 7623
25700 7613
25800 7617
25900 7615
26000 7615
26100 7621
26200 7625
26300 7607
26400 7619
26500 7613
26600 7615
26700 7609
26800 7603
26900 7585
27000 7583
27100 7571
27200 7571
27300 7567
27400 7555
27500 7535
27600 7521
27700 7521
27800 7517
27900 7513
28000 7509
28100 7513
28200 7505
28300 7479
28400 7479
28500 7463
28600 7465
28700 7441
28800 7433
28900 7411
29000 7383
29100 7385
29200 7387
29300 7393
29400 7375
29500 7367
29600 7355
29700 7343
29800 7345
29900 7323
30000 7315
30100 7323
30200 7321
30300 7303
30400 7299
30500 7289
30600 7289
30700 7279
30800 7261
30900 7261
31000 7267
31100 7249
31200 7269
31300 7269
31400 7259
31500 7255
31600 7249
31700 7241
31800 7251
31900 7227
32000 7205
32100 7205
32200 7189
32300 7171
32400 7161
32500 7161
32600 7165
32700 7153
32800 7139
32900 7135
33000 7121
33100 7107
33200 7089
33300 7065
33400 7063
33500 7043
33600 7023
33700 6989
33800 6981
33900 6961
34000 6969
34100 6959
34200 6957
34300 6955
34400 6943
34500 6935
34600 6927
34700 6905
34800 6919
34900 6909
35000 6907
35100 6903
35200 6903
35300 6905
35400 6921
35500 6929
35600 6933
35700 6909
35800 6887
35900 6889
36000 6889
36100 6895
36200 6889
36300 6885
36400 6881
36500 6873
36600 6855
36700 6859
36800 6843
36900 6841
37000 6831
37100 6833
37200 6829
37300 6817
37400 6791
37500 6805
37600 6799
37700 6799
37800 6799
37900 6799
38000 6781
38100 6781
38200 6777
38300 6781
38400 6773
38500 6765
38600 6765
38700 6741
38800 6717
38900 6703
39000 6693
39100 6681
39200 6665
39300 6661
39400 6671
39500 6661
39600 6663
39700 6647
39800 6647
39900 6629
40000 6637
40100 6635
40200 6637
40300 6643
40400 6637
40500 6619
40600 6591
40700 6561
40800 6537
40900 6523
41000 6531
41100 6519
41200 6521
41300 6523
41400 6523
41500 6515
41600 6503
41700 6495
41800 6495
41900 6485
42000 6487
42100 6485
42200 6467
42300 6459
42400 6453
42500 6443
42600 6429
42700 6445
42800 6435
42900 6429
43000 6411
43100 6421
43200 6403
43300 6397
43400 6391
43500 6395
43600 6399
43700 6361
43800 6331
43900 6337
44000 6325
44100 6335
44200 6309
44300 6309
44400 6297
44500 6275
44600 6265
44700 6257
44800 6269
44900 6259
45000 6229
45100 6221
45200 6209
45300 6203
45400 6213
45500 6201
45600 6209
45700 6219
45800 6219
45900 6207
46000 6207
46100 6213
46200 6211
46300 6219
46400 6211
46500 6201
46600 6187
46700 6187
46800 6183
46900 6187
47000 6175
47100 6173
47200 6165
47300 6171
47400 6165
47500 6157
47600 6149
47700 6121
47800 6119
47900 6095
48000 6097
48100 6081
48200 6101
48300 6103
48400 6105
48500 6101
48600 6093
48700 6093
48800 6077
48900 6071
49000 6069
49100 6059
49200 6049
49300 6059
49400 6063
49500 6067
49600 6049
49700 6055
49800 6051
49900 6033
50000 6023
50100 6043
50200 6029
50300 6013
50400 6007
50500 5997
50600 5991
50700 5981
50800 5981
50900 5975
51000 5959
51100 5959
51200 5937
51300 5931
51400 5923
51500 5911
51600 5897
51700 5889
51800 5897
51900 5867
52000 5849
52100 5827
52200 5843
52300 5841
52400 5847
52500 5825
52600 5825
52700 5823
52800 5821
52900 5829
53000 5833
53100 5811
53200 5789
53300 5767
53400 5755
53500 5743
53600 5735
53700 5737
53800 5725
53900 5727
54000 5731
54100 5715
54200 5715
54300 5713
54400 5689
54500 5681
54600 5663
54700 5665
54800 5669
54900 5657
55000 5645
55100 5629
55200 5609
55300 5611
55400 5605
55500 5601
55600 5587
55700 5575
55800 5593
55900 5609
56000 5609
56100 5611
56200 5617
56300 5603
56400 5603
56500 5603
56600 5597
56700 5587
56800 5585
56900 5567
57000 5531
57100 5521
57200 5507
57300 5503
57400 5499
57500 5493
57600 5477
57700 5503
57800 5505
57900 5501
58000 5507
58100 5503
58200 5493
58300 5509
58400 5523
58500 5497
58600 5493
58700 5475
58800 5463
58900 5455
59000 5453
59100 5435
59200 5441
59300 5463
59400 5455
59500 5451
59600 5443
59700 5431
59800 5415
59900 5405
60000 5405
60100 5381
60200 5377
60300 5369
60400 5353
60500 5353
60600 5351
60700 5347
60800 5341
60900 5333
61000 5313
61100 5309
61200 5301
61300 5305
61400 5303
61500 5283
61600 5271
61700 5263
61800 5259
61900 5221
62000 5219
62100 5193
62200 5177
62300 5165
62400 5175
62500 5161
62600 5159
62700 5137
62800 5137
62900 5125
63000 5137
63100 5137
63200 5153
63300 5157
63400 5137
63500 5149
63600 5163
63700 5141
63800 5139
63900 5139
64000 5151
64100 5145
64200 5149
64300 5127
64400 5111
64500 5105
64600 5131
64700 5143
64800 5155
64900 5147
65000 5135
65100 5117
65200 5121
65300 5117
65400 5089
65500 5091
65600 5069
65700 5041
65800 5045
65900 5067
66000 5075
66100 5059
66200 5049
66300 5039
66400 5043
66500 5041
66600 5025
66700 5021
66800 5009
66900 4987
67000 4989
67100 4989
67200 5001
67300 4981
67400 4963
67500 4973
67600 4981
67700 4979
67800 4971
67900 4955
68000 4957
68100 4969
68200 4967
68300 4949
68400 4949
68500 4941
68600 4963
68700 4957
68800 4953
68900 4961
69000 4953
69100 4961
69200 4967
69300 4959
69400 4959
69500 4937
69600 4921
69700 4899
69800 4913
69900 4897
70000 4905
70100 4913
70200 4869
70300 4851
70400 4847
70500 4825
70600 4819
70700 4807
70800 4817
70900 4821
71000 4809
71100 4799
71200 4775
71300 4763
71400 4775
71500 4753
71600 4751
71700 4735
71800 4729
71900 4723
72000 4711
72100 4707
72200 4699
72300 4681
72400 4683
72500 4677
72600 4671
72700 4665
72800 4675
72900 4671
73000 4653
73100 4643
73200 4645
73300 4645
73400 4651
73500 4669
73600 4659
73700 4675
73800 4681
73900 4655
74000 4649
74100 4665
74200 4679
74300 4655
74400 4637
74500 4603
74600 4599
74700 4607
74800 4633
74900 4629
75000 4619
75100 4617
75200 4607
75300 4599
75400 4627
75500 4641
75600 4649
75700 4649
75800 4667
75900 4665
76000 4643
76100 4617
76200 4597
76300 4579
76400 4587
76500 4569
76600 4547
76700 4531
76800 4527
76900 4543
77000 4541
77100 4529
77200 4509
77300 4511
77400 4511
77500 4505
77600 4493
77700 4491
77800 4487
77900 4461
78000 4471
78100 4479
78200 4473
78300 4489
78400 4487
78500 4489
78600 4495
78700 4475
78800 4465
78900 4459
79000 4463
79100 4473
79200 4505
79300 4475
79400 4471
79500 4463
79600 4455
79700 4445
79800 4439
79900 4431
80000 4445
80100 4449
80200 4427
80300 4421
80400 4431
80500 4433
80600 4437
80700 4429
80800 4417
80900 4405
81000 4393
81100 4395
81200 4395
81300 4395
81400 4395
81500 4383
81600 4373
81700 4365
81800 4389
81900 4367
82000 4363
82100 4355
82200 4353
82300 4337
82400 4337
82500 4353
82600 4341
82700 4335
82800 4355
82900 4355
83000 4321
83100 4321
83200 4295
83300 4295
83400 4289
83500 4279
83600 4271
83700 4257
83800 4243
83900 4231
84000 4237
84100 4233
84200 4223
84300 4221
84400 4215
84500 4221
84600 4215
84700 4221
84800 4227
84900 4215
85000 4201
85100 4193
85200 4207
85300 4189
85400 4193
85500 4179
85600 4191
85700 4187
85800 4205
85900 4209
86000 4197
86100 4177
86200 4185
86300 4185
86400 4167
86500 4155
86600 4145
86700 4161
86800 4153
86900 4151
87000 4141
87100 4147
87200 4131
87300 4129
87400 4133
87500 4127
87600 4125
87700 4123
87800 4115
87900 4133
88000 4107
88100 4097
88200 4079
88300 4049
88400 4043
88500 4025
88600 4021
88700 4005
88800 4019
88900 4009
89000 4019
89100 4013
89200 4015
89300 4019
89400 3997
89500 3989
89600 3987
89700 3993
89800 3991
89900 3975
90000 3973
90100 3979
90200 3971
90300 3959
90400 3969
90500 3953
90600 3973
90700 3975
90800 3931
90900 3929
91000 3925
91100 3925
91200 3919
91300 3891
91400 3897
91500 3895
91600 3893
91700 3901
91800 3901
91900 3903
92000 3915
92100 3917
92200 3895
92300 3887
92400 3887
92500 3869
92600 3853
92700 3857
92800 3833
92900 3827
93000 3817
93100 3807
93200 3825
93300 3819
93400 3801
93500 3803
93600 3777
93700 3789
93800 3781
93900 3785
94000 3791
94100 3785
94200 3795
94300 3785
94400 3795
94500 3813
94600 3821
94700 3813
94800 3823
94900 3825
95000 3859
95100 3841
95200 3861
95300 3857
95400 3865
95500 3871
95600 3849
95700 3851
95800 3839
95900 3821
96000 3835
96100 3843
96200 3865
96300 3843
96400 3835
96500 3847
96600 3827
96700 3827
96800 3819
96900 3805
97000 3809
97100 3793
97200 3783
97300 3771
97400 3771
97500 3765
97600 3763
97700 3761
97800 3763
97900 3775
98000 3781
98100 3807
98200 3815
98300 3819
98400 3813
98500 3801
98600 3787
98700 3791
98800 3813
98900 3825
99000 3815
99100 3765
99200 3779
99300 3773
99400 3749
99500 3747
99600 3723
99700 3729
99800 3725
99900 3687
100000 3675
100100 3675
100200 3697
100300 3687
100400 3675
100500 3693
100600 3695
100700 3683
100800 3685
100900 3687
101000 3683
101100 3683
101200 3667
101300 3649
101400 3637
101500 3633
101600 3613
101700 3635
101800 3629
101900 3633
102000 3633
102100 3637
102200 3619
102300 3603
102400 3613
102500 3599
102600 3621
102700 3633
102800 3643
102900 3665
103000 3671
103100 3669
103200 3659
103300 3651
103400 3643
103500 3649
103600 3639
103700 3629
103800 3619
103900 3633
104000 3629
104100 3619
104200 3613
104300 3615
104400 3635
104500 3625
104600 3625
104700 3611
104800 3623
104900 3625
105000 3623
105100 3627
105200 3607
105300 3621
105400 3599
105500 3597
105600 3589
105700 3591
105800 3601
105900 3571
106000 3577
106100 3563
106200 3577
106300 3563
106400 3555
106500 3557
106600 3581
106700 3575
106800 3601
106900 3585
107000 3591
107100 3597
107200 3599
107300 3595
107400 3591
107500 3589
107600 3599
107700 3597
107800 3601
107900 3591
108000 3607
108100 3595
108200 3613
108300 3591
108400 3601
108500 3627
108600 3625
108700 3609
108800 3591
108900 3587
109000 3575
109100 3583
109200 3545
109300 3527
109400 3535
109500 3523
109600 3511
109700 3515
109800 3511
109900 3491
110000 3473
110100 3473
110200 3483
110300 3481
110400 3489
110500 3481
110600 3465
110700 3469
110800 3469
110900 3461
111000 3451
111100 3451
111200 3437
111300 3427
111400 3413
111500 3415
111600 3407
111700 3393
111800 3381
111900 3391
112000 3379
112100 3363
112200 3353
112300 3327
112400 3315
112500 3295
112600 3281
112700 3281
112800 3277
112900 3275
113000 3269
113100 3257
113200 3275
113300 3279
113400 3269
113500 3261
113600 3277
113700 3285
113800 3299
113900 3271
114000 3269
114100 3269
114200 3267
114300 3261
114400 3249
114500 3277
114600 3251
114700 3257
114800 3271
114900 3263
115000 3271
115100 3281
115200 3277
115300 3273
115400 3277
115500 3273
115600 3277
115700 3261
115800 3247
115900 3245
116000 3241
116100 3235
116200 3239
116300 3235
116400 3215
116500 3213
116600 3207
116700 3183
116800 3155
116900 3177
117000 3179
117100 3175
117200 3191
117300 3177
117400 3179
117500 3183
117600 3179
117700 3183
117800 3213
117900 3211
118000 3207
118100 3201
118200 3191
118300 3179
118400 3167
118500 3159
118600 3157
118700 3147
118800 3115
118900 3109
119000 3099
119100 3059
119200 3059
119300 3053
119400 3023
119500 3039
119600 3011
119700 2999
119800 2983
119900 2985
120000 2981
120100 2979
120200 2967
120300 2955
120400 2947
120500 2939
120600 2957
120700 2943
120800 2929
120900 2939
121000 2925
121100 2923
121200 2927
121300 2919
121400 2915
121500 2891
121600 2875
121700 2869
121800 2879
121900 2893
122000 2921
122100 2921
122200 2927
122300 2923
122400 2913
122500 2913
122600 2933
122700 2925
122800 2923
122900 2939
123000 2929
123100 2917
123200 2897
123300 2909
123400 2913
123500 2891
123600 2893
123700 2875
123800 2861
123900 2869
124000 2857
124100 2845
124200 2843
124300 2841
124400 2845
124500 2845
124600 2819
124700 2827
124800 2825
124900 2815
125000 2789
125100 2805
125200 2807
125300 2813
125400 2817
125500 2823
125600 2821
125700 2809
125800 2795
125900 2781
126000 2769
126100 2761
126200 2749
126300 2769
126400 2777
126500 2777
126600 2769
126700 2771
126800 2757
126900 2745
127000 2743
127100 2737
127200 2729
127300 2699
127400 2699
127500 2725
127600 2703
127700 2695
127800 2689
127900 2687
128000 2691
128100 2685
128200 2695
128300 2699
128400 2695
128500 2697
128600 2717
128700 2697
128800 2711
128900 2715
129000 2729
129100 2745
129200 2735
129300 2733
129400 2725
129500 2733
129600 2719
129700 2697
129800 2711
129900 2711
130000 2723
130100 2737
130200 2741
130300 2747
130400 2747
130500 2747
130600 2749
130700 2745
130800 2729
130900 2711
131000 2705
131100 2725
131200 2723
131300 2675
131400 2679
131500 2689
131600 2673
131700 2643
131800 2637
131900 2619
132000 2621
132100 2635
132200 2631
132300 2633
132400 2633
132500 2619
132600 2625
132700 2627
132800 2621
132900 2605
133000 2605
133100 2591
133200 2593
133300 2619
133400 2605
133500 2609
133600 2583
133700 2593
133800 2611
133900 2611
134000 2595
134100 2609
134200 2619
134300 2617
134400 2611
134500 2613
134600 2609
134700 2599
134800 2613
134900 2607
135000 2611
135100 2593
135200 2565
135300 2589
135400 2601
135500 2605
135600 2621
135700 2625
135800 2631
135900 2631
136000 2617
136100 2601
136200 2575
136300 2587
136400 2591
136500 2605
136600 2593
136700 2601
136800 2607
136900 2627
137000 2609
137100 2611
137200 2609
137300 2597
137400 2581
137500 2587
137600 2593
137700 2581
137800 2555
137900 2539
138000 2531
138100 2533
138200 2533
138300 2531
138400 2541
138500 2535
138600 2537
138700 2539
138800 2521
138900 2511
139000 2489
139100 2491
139200 2517
139300 2529
139400 2519
139500 2521
139600 2497
139700 2489
139800 2517
139900 2531
140000 2531
140100 2521
140200 2519
140300 2517
140400 2525
140500 2513
140600 2495
140700 2485
140800 2489
140900 2479
141000 2471
141100 2483
141200 2489
141300 2507
141400 2511
141500 2525
141600 2523
141700 2523
141800 2553
141900 2571
142000 2579
142100 2591
142200 2567
142300 2579
142400 2595
142500 2591
142600 2603
142700 2615
142800 2599
142900 2589
143000 2567
143100 2559
143200 2539
143300 2537
143400 2497
143500 2503
143600 2517
143700 2515
143800 2511
143900 2523
144000 2535
144100 2555
144200 2561
144300 2543
144400 2545
144500 2511
144600 2481
144700 2467
144800 2455
144900 2465
145000 2451
145100 2465
145200 2451
145300 2429
145400 2415
145500 2387
145600 2383
145700 2371
145800 2347
145900 2341
146000 2349
146100 2353
146200 2335
146300 2333
146400 2311
146500 2309
146600 2303
146700 2297
146800 2315
146900 2319
147000 2341
147100 2329
147200 2311
147300 2303
147400 2303
147500 2281
147600 2271
147700 2275
147800 2267
147900 2255
148000 2265
148100 2269
148200 2277
148300 2283
148400 2273
148500 2265
148600 2255
148700 2253
148800 2233
148900 2215
149000 2205
149100 2201
149200 2201
149300 2209
149400 2203
149500 2173
149600 2185
149700 2183
149800 2211
149900 2235
150000 2229
150100 2223
150200 2239
150300 2241
150400 2241
150500 2241
150600 2231
150700 2241
150800 2247
150900 2215
151000 2195
151100 2201
151200 2187
151300 2171
151400 2145
151500 2147
151600 2133
151700 2141
151800 2123
151900 2127
152000 2127
152100 2089
152200 2089
152300 2085
152400 2075
152500 2091
152600 2089
152700 2085
152800 2085
152900 2073
153000 2073
153100 2063
153200 2085
153300 2079
153400 2081
153500 2049
153600 2051
153700 2061
153800 2075
153900 2083
154000 2077
154100 2067
154200 2059
154300 2049
154400 2053
154500 2057
154600 2051
154700 2049
154800 2039
154900 2041
155000 2043
155100 2039
155200 2053
155300 2055
155400 2019
155500 2011
155600 1987
155700 1999
155800 1991
155900 1981
156000 1987
156100 1977
156200 1981
156300 1977
156400 1971
156500 1967
156600 1965
156700 1961
156800 1967
156900 1999
157000 2007
157100 1999
157200 1983
157300 1985
157400 1983
157500 1967
157600 1967
157700 1957
157800 1941
157900 1961
158000 1953
158100 1947
158200 1949
158300 1951
158400 1935
158500 1933
158600 1939
158700 1927
158800 1935
158900 1943
159000 1933
159100 1959
159200 1963
159300 1957
159400 1969
159500 1981
159600 1987
159700 1977
159800 2011
159900 2015
160000 1997
160100 1999
160200 1999
160300 1987
160400 1985
160500 1985
160600 1991
160700 1989
160800 1987
160900 1969
161000 1991
161100 1995
161200 2003
161300 1993
161400 1999
161500 1997
161600 1997
161700 1981
161800 1971
161900 1953
162000 1983
162100 1973
162200 1983
162300 1975
162400 1971
162500 1967
162600 1971
162700 1967
162800 1993
162900 1971
163000 1969
163100 1957
163200 1961
163300 1973
163400 1971
163500 1949
163600 1963
163700 1963
163800 1953
163900 1947
164000 1951
164100 1937
164200 1959
164300 1983
164400 1971
164500 1969
164600 1983
164700 1973
164800 2007
164900 1991
165000 1991
165100 1979
165200 1971
165300 1963
165400 1961
165500 1931
165600 1941
165700 1939
165800 1949
165900 1953
166000 1963
166100 1949
166200 1931
166300 1939
166400 1943
166500 1951
166600 1935
166700 1947
166800 1949
166900 1915
167000 1895
167100 1901
167200 1909
167300 1909
167400 1919
167500 1915
167600 1891
167700 1885
167800 1903
167900 1889
168000 1907
168100 1921
168200 1909
168300 1911
168400 1925
168500 1909
168600 1911
168700 1883
168800 1869
168900 1883
169000 1869
169100 1885
169200 1895
169300 1875
169400 1859
169500 1835
169600 1825
169700 1835
169800 1851
169900 1853
170000 1839
170100 1835
170200 1843
170300 1839
170400 1835
170500 1837
170600 1825
170700 1831
170800 1851
170900 1863
171000 1853
171100 1851
171200 1863
171300 1869
171400 1871
171500 1853
171600 1849
171700 1867
171800 1867
171900 1863
172000 1875
172100 1871
172200 1883
172300 1873
172400 1859
172500 1853
172600 1833
172700 1821
172800 1827
172900 1837
173000 1843
173100 1843
173200 1837
173300 1833
173400 1815
173500 1823
173600 1799
173700 1811
173800 1811
173900 1809
174000 1815
174100 1797
174200 1791
174300 1781
174400 1803
174500 1775
174600 1775
174700 1775
174800 1785
174900 1777
175000 1781
175100 1773
175200 1759
175300 1767
175400 1757
175500 1753
175600 1761
175700 1773
175800 1769
175900 1769
176000 1745
176100 1749
176200 1723
176300 1739
176400 1759
176500 1771
176600 1799
176700 1809
176800 1817
176900 1827
177000 1829
177100 1829
177200 1829
177300 1825
177400 1821
177500 1795
177600 1781
177700 1781
177800 1791
177900 1793
178000 1803
178100 1793
178200 1809
178300 1805
178400 1777
178500 1777
178600 1785
178700 1771
178800 1777
178900 1783
179000 1771
179100 1793
179200 1783
179300 1797
179400 1793
179500 1793
179600 1805
179700 1791
179800 1775
179900 1789
180000 1773
180100 1753
180200 1739
180300 1715
180400 1699
180500 1707
180600 1691
180700 1681
180800 1685
180900 1677
181000 1683
181100 1677
181200 1685
181300 1689
181400 1705
181500 1723
181600 1713
181700 1711
181800 1715
181900 1729
182000 1735
182100 1729
182200 1729
182300 1731
182400 1731
182500 1709
182600 1715
182700 1703
182800 1691
182900 1657
183000 1651
183100 1655
183200 1633
183300 1607
183400 1595
183500 1603
183600 1593
183700 1557
183800 1539
183900 1533
184000 1561
184100 1569
184200 1565
184300 1563
184400 1563
184500 1551
184600 1557
184700 1579
184800 1583
184900 1599
185000 1607
185100 1625
185200 1637
185300 1631
185400 1611
185500 1595
185600 1607
185700 1617
185800 1605
185900 1601
186000 1603
186100 1627
186200 1641
186300 1641
186400 1631
186500 1641
186600 1627
186700 1599
186800 1587
186900 1577
187000 1565
187100 1551
187200 1565
187300 1575
187400 1579
187500 1587
187600 1585
187700 1583
187800 1603
187900 1615
188000 1627
188100 1629
188200 1627
188300 1633
188400 1645
188500 1627
188600 1621
188700 1623
188800 1611
188900 1627
189000 1651
189100 1635
189200 1613
189300 1605
189400 1629
189500 1629
189600 1599
189700 1601
189800 1589
189900 1589
190000 1585
190100 1611
190200 1617
190300 1599
190400 1595
190500 1603
190600 1611
190700 1603
190800 1613
190900 1617
191000 1615
191100 1629
191200 1627
191300 1619
191400 1613
191500 1595
191600 1611
191700 1605
191800 1613
191900 1637
192000 1631
192100 1639
192200 1631
192300 1613
192400 1601
192500 1593
192600 1583
192700 1597
192800 1595
192900 1593
193000 1613
193100 1597
193200 1599
193300 1613
193400 1619
193500 1615
193600 1605
193700 1593
193800 1589
193900 1629
194000 1627
194100 1621
194200 1595
194300 1589
194400 1581
194500 1563
194600 1557
194700 1565
194800 1555
194900 1551
195000 1545
195100 1525
195200 1515
195300 1521
195400 1535
195500 1549
195600 1537
195700 1513
195800 1489
195900 1477
196000 1493
196100 1505
196200 1503
196300 1493
196400 1495
196500 1489
196600 1499
196700 1525
196800 1507
196900 1509
197000 1517
197100 1495
197200 1511
197300 1491
197400 1463
197500 1459
197600 1453
197700 1445
197800 1427
197900 1427
198000 1421
198100 1413
198200 1401
198300 1393
198400 1401
198500 1429
198600 1423
198700 1419
198800 1425
198900 1425
199000 1415
199100 1411
199200 1401
199300 1407
199400 1391
199500 1391
199600 1367
199700 1365
199800 1371
199900 1381
200000 1385
200100 1369
200200 1375
200300 1359
200400 1371
200500 1361
200600 1333
200700 1313
200800 1321
200900 1323
201000 1329
201100 1319
201200 1321
201300 1325
201400 1331
201500 1331
201600 1333
201700 1335
201800 1305
201900 1297
202000 1311
202100 1343
202200 1361
202300 1373
202400 1363
202500 1357
202600 1347
202700 1347
202800 1355
202900 1361
203000 1341
203100 1353
203200 1369
203300 1361
203400 1359
203500 1343
203600 1349
203700 1347
203800 1317
203900 1293
204000 1307
