100 10161
200 10131
300 10103
400 10073
500 10043
600 10025
700 9995
800 9963
900 9933
1000 9915
1100 9889
1200 9867
1300 9839
1400 9805
1500 9787
1600 9771
1700 9727
1800 9689
1900 9657
2000 9641
2100 9623
2200 9605
2300 9573
2400 9559
2500 9533
2600 9507
2700 9471
2800 9447
2900 9429
3000 9405
3100 9383
3200 9343
3300 9325
3400 9307
3500 9259
3600 9231
3700 9193
3800 9169
3900 9143
4000 9133
4100 9105
4200 9089
4300 9069
4400 9059
4500 9043
4600 9023
4700 9003
4800 8971
4900 8947
5000 8925
5100 8911
5200 8901
5300 8879
5400 8867
5500 8837
5600 8805
5700 8783
5800 8755
5900 8737
6000 8723
6100 8699
6200 8687
6300 8657
6400 8617
6500 8581
6600 8559
6700 8533
6800 8511
6900 8497
7000 8455
7100 8411
7200 8405
7300 8371
7400 8333
7500 8313
7600 8273
7700 8233
7800 8227
7900 8209
8000 8201
8100 8189
8200 8175
8300 8155
8400 8129
8500 8109
8600 8089
8700 8053
8800 8033
8900 8015
9000 7995
9100 7973
9200 7943
9300 7919
9400 7915
9500 7889
9600 7865
9700 7845
9800 7847
9900 7811
10000 7789
10100 7751
10200 7735
10300 7709
10400 7673
10500 7653
10600 7631
10700 7615
10800 7595
10900 7577
11000 7553
11100 7533
11200 7513
11300 7499
11400 7477
11500 7471
11600 7443
11700 7413
11800 7405
11900 7385
12000 7353
12100 7335
12200 7317
12300 7295
12400 7269
12500 7259
12600 7247
12700 7227
12800 7199
12900 7187
13000 7169
13100 7165
13200 7145
13300 7113
13400 7105
13500 7085
13600 7099
13700 7057
13800 7019
13900 7009
14000 6995
14100 7007
14200 6975
14300 6959
14400 6947
14500 6939
14600 6893
14700 6879
14800 6867
14900 6837
15000 6819
15100 6789
15200 6763
15300 6749
15400 6725
15500 6671
15600 6661
15700 6633
15800 6613
15900 6597
16000 6575
16100 6569
16200 6547
16300 6529
16400 6505
16500 6471
16600 6459
16700 6443
16800 6427
16900 6429
17000 6401
17100 6375
17200 6351
17300 6335
17400 6329
17500 6307
17600 6301
17700 6299
17800 6295
17900 6251
18000 6251
18100 6213
18200 6177
18300 6151
18400 6107
18500 6077
18600 6059
18700 6037
18800 6019
18900 5983
19000 5965
19100 5945
19200 5943
19300 5943
19400 5909
19500 5905
19600 5895
19700 5869
19800 5839
19900 5829
20000 5803
20100 5815
20200 5801
20300 5787
20400 5769
20500 5765
20600 5745
20700 5731
20800 5683
20900 5691
21000 5685
21100 5677
21200 5657
21300 5631
21400 5623
21500 5609
21600 5587
21700 5593
21800 5581
21900 5557
22000 5513
22100 5495
22200 5489
22300 5479
22400 5455
22500 5455
22600 5467
22700 5419
22800 5391
22900 5385
23000 5377
23100 5373
23200 5359
23300 5345
23400 5353
23500 5315
23600 5291
23700 5281
23800 5273
23900 5259
24000 5247
24100 5217
24200 5213
24300 5207
24400 5195
24500 5169
24600 5159
24700 5157
24800 5129
24900 5117
25000 5121
25100 5089
25200 5093
25300 5103
25400 5077
25500 5067
25600 5045
25700 5037
25800 5041
25900 5029
26000 5011
26100 4977
26200 4965
26300 4965
26400 4943
26500 4903
26600 4881
26700 4887
26800 4871
26900 4845
27000 4825
27100 4815
27200 4817
27300 4817
27400 4795
27500 4801
27600 4797
27700 4817
27800 4803
27900 4781
28000 4775
28100 4767
28200 4771
28300 4743
28400 4735
28500 4715
28600 4707
28700 4677
28800 4661
28900 4657
29000 4649
29100 4639
29200 4643
29300 4613
29400 4617
29500 4595
29600 4599
29700 4585
29800 4603
29900 4569
30000 4573
30100 4573
30200 4561
30300 4561
30400 4535
30500 4515
30600 4501
30700 4505
30800 4481
30900 4473
31000 4467
31100 4473
31200 4475
31300 4469
31400 4445
31500 4415
31600 4417
31700 4375
31800 4333
31900 4323
32000 4329
32100 4307
32200 4305
32300 4295
32400 4295
32500 4269
32600 4263
32700 4227
32800 4213
32900 4199
33000 4189
33100 4185
33200 4181
33300 4175
33400 4177
33500 4187
33600 4171
33700 4163
33800 4153
33900 4153
34000 4151
34100 4139
34200 4117
34300 4103
34400 4095
34500 4095
34600 4069
34700 4071
34800 4071
34900 4039
35000 4045
35100 4047
35200 4039
35300 4041
35400 4019
35500 4001
35600 3995
35700 4003
35800 3999
35900 3967
36000 3957
36100 3939
36200 3923
36300 3921
36400 3909
36500 3889
36600 3867
36700 3859
36800 3857
36900 3849
37000 3835
37100 3825
37200 3825
37300 3821
37400 3809
37500 3795
37600 3777
37700 3757
37800 3753
37900 3741
38000 3729
38100 3739
38200 3715
38300 3703
38400 3699
38500 3691
38600 3659
38700 3631
38800 3631
38900 3605
39000 3589
39100 3573
39200 3581
39300 3549
39400 3537
39500 3527
39600 3505
39700 3491
39800 3475
39900 3453
40000 3443
40100 3419
40200 3417
40300 3417
40400 3423
40500 3405
40600 3383
40700 3355
40800 3337
40900 3305
41000 3315
41100 3305
41200 3305
41300 3267
41400 3273
41500 3261
41600 3265
41700 3265
41800 3239
41900 3233
42000 3223
42100 3223
42200 3229
42300 3227
42400 3229
42500 3229
42600 3217
42700 3217
42800 3171
42900 3151
43000 3163
43100 3137
43200 3115
43300 3077
43400 3087
43500 3085
43600 3067
43700 3059
43800 3029
43900 3029
44000 3019
44100 2993
44200 2983
44300 2969
44400 2999
44500 2985
44600 2957
44700 2941
44800 2937
44900 2919
45000 2923
45100 2911
45200 2917
45300 2887
45400 2899
45500 2893
45600 2911
45700 2923
45800 2899
45900 2909
46000 2889
46100 2865
46200 2869
46300 2857
46400 2875
46500 2887
46600 2905
46700 2893
46800 2879
46900 2883
47000 2881
47100 2859
47200 2831
47300 2805
47400 2793
47500 2779
47600 2743
47700 2707
47800 2723
47900 2725
48000 2731
48100 2725
48200 2693
48300 2699
48400 2693
48500 2683
48600 2683
48700 2647
48800 2649
48900 2651
49000 2633
49100 2603
49200 2611
49300 2641
49400 2639
49500 2629
49600 2641
49700 2633
49800 2633
49900 2613
50000 2617
50100 2623
50200 2657
50300 2667
50400 2663
50500 2675
50600 2661
50700 2639
50800 2641
50900 2619
51000 2605
51100 2597
51200 2587
51300 2577
51400 2555
51500 2543
51600 2531
51700 2555
51800 2527
51900 2525
52000 2537
52100 2529
52200 2529
52300 2535
52400 2533
52500 2511
52600 2475
52700 2457
52800 2435
52900 2429
53000 2409
53100 2415
53200 2399
53300 2419
53400 2409
53500 2413
53600 2435
53700 2431
53800 2455
53900 2463
54000 2473
54100 2473
54200 2417
54300 2403
54400 2405
54500 2419
54600 2431
54700 2417
54800 2407
54900 2405
55000 2415
55100 2389
55200 2383
55300 2377
55400 2365
55500 2365
55600 2343
55700 2323
55800 2287
55900 2285
56000 2287
56100 2269
56200 2255
56300 2237
56400 2213
56500 2219
56600 2237
56700 2191
56800 2191
56900 2207
57000 2201
57100 2219
57200 2197
57300 2183
57400 2177
57500 2155
57600 2137
57700 2131
57800 2135
57900 2107
58000 2129
58100 2139
58200 2143
58300 2145
58400 2115
58500 2115
58600 2101
58700 2093
58800 2115
58900 2113
59000 2133
59100 2127
59200 2145
59300 2133
59400 2127
59500 2131
59600 2145
59700 2125
59800 2119
59900 2115
60000 2095
60100 2067
60200 2057
60300 2039
60400 2067
60500 2073
60600 2053
60700 2053
60800 2045
60900 2045
61000 2019
61100 2001
61200 2005
61300 2019
61400 2011
61500 2001
61600 2003
61700 2041
61800 2025
61900 2031
62000 2033
62100 1999
62200 2005
62300 2009
62400 2007
62500 1993
62600 1975
62700 1969
62800 1959
62900 1957
63000 1961
63100 1939
63200 1929
63300 1919
63400 1897
63500 1943
63600 1921
63700 1929
63800 1919
63900 1903
64000 1895
64100 1881
64200 1895
64300 1873
64400 1905
64500 1899
64600 1899
64700 1903
64800 1879
64900 1865
65000 1857
65100 1873
65200 1875
65300 1883
65400 1871
65500 1857
65600 1849
65700 1829
65800 1819
65900 1813
66000 1777
66100 1775
66200 1757
66300 1735
66400 1737
66500 1737
66600 1729
66700 1735
66800 1739
66900 1739
67000 1747
67100 1721
67200 1751
67300 1755
67400 1741
67500 1719
67600 1715
67700 1677
67800 1647
67900 1639
68000 1619
68100 1581
68200 1575
68300 1589
68400 1589
68500 1597
68600 1587
68700 1575
68800 1575
68900 1565
69000 1589
69100 1571
69200 1559
69300 1565
69400 1571
69500 1543
69600 1527
69700 1523
69800 1515
69900 1537
70000 1543
70100 1547
70200 1541
70300 1535
70400 1519
70500 1529
70600 1541
70700 1545
70800 1553
70900 1567
71000 1561
71100 1557
71200 1593
71300 1593
71400 1597
71500 1605
71600 1621
71700 1583
71800 1611
71900 1607
72000 1613
72100 1621
72200 1583
72300 1573
72400 1571
72500 1569
72600 1563
72700 1559
72800 1561
72900 1567
73000 1571
73100 1591
73200 1571
73300 1569
73400 1587
73500 1609
73600 1625
73700 1609
73800 1615
73900 1629
74000 1623
74100 1609
74200 1601
74300 1595
74400 1625
74500 1607
74600 1611
74700 1613
74800 1593
74900 1595
75000 1573
75100 1553
75200 1545
75300 1511
75400 1497
75500 1509
75600 1489
75700 1469
75800 1483
75900 1491
76000 1481
76100 1475
76200 1493
76300 1489
76400 1469
76500 1459
76600 1463
76700 1441
76800 1405
76900 1417
77000 1403
77100 1405
77200 1377
77300 1393
77400 1369
77500 1365
77600 1357
77700 1341
77800 1343
77900 1347
78000 1293
78100 1273
78200 1273
78300 1273
78400 1293
78500 1313
78600 1291
78700 1289
78800 1301
78900 1299
79000 1297
79100 1287
79200 1297
79300 1289
79400 1305
79500 1275
79600 1277
79700 1263
79800 1247
79900 1249
80000 1229
80100 1229
80200 1233
80300 1255
80400 1251
80500 1251
80600 1243
80700 1253
80800 1227
80900 1225
81000 1205
81100 1185
81200 1167
81300 1191
81400 1229
81500 1227
81600 1247
81700 1255
81800 1219
81900 1227
82000 1207
82100 1197
82200 1187
82300 1143
82400 1161
82500 1133
82600 1135
82700 1117
82800 1123
82900 1149
83000 1149
83100 1155
83200 1151
83300 1151
83400 1157
83500 1153
83600 1163
83700 1139
83800 1141
83900 1139
84000 1111
84100 1085
84200 1057
84300 1043
84400 1063
84500 1071
84600 1057
84700 1037
84800 1041
84900 1043
85000 1047
85100 1049
85200 1049
85300 1063
85400 1033
85500 1047
85600 1039
85700 1051
85800 1037
85900 1021
86000 1003
86100 1003
86200 977
86300 951
86400 927
86500 927
86600 911
86700 893
86800 883
86900 877
87000 885
87100 895
87200 865
87300 843
87400 851
87500 847
87600 847
87700 853
87800 845
87900 829
88000 811
88100 813
88200 813
88300 831
88400 853
88500 855
88600 859
88700 859
88800 859
88900 851
89000 847
89100 829
89200 815
89300 833
89400 809
89500 805
89600 801
89700 791
89800 785
89900 797
90000 807
90100 803
90200 807
90300 809
90400 803
90500 813
90600 823
90700 831
90800 839
90900 845
91000 831
91100 837
91200 841
91300 837
91400 835
91500 823
91600 819
91700 813
91800 803
91900 773
92000 763
92100 743
92200 751
92300 743
92400 733
92500 753
92600 761
92700 753
92800 747
92900 765
93000 777
93100 773
93200 775
93300 775
93400 767
93500 755
93600 743
93700 737
93800 739
93900 749
94000 753
94100 715
94200 701
94300 697
94400 703
94500 685
94600 681
94700 693
94800 681
94900 673
95000 657
95100 651
95200 631
95300 621
95400 627
95500 653
95600 661
95700 665
95800 633
95900 667
96000 643
96100 649
96200 669
96300 643
96400 685
96500 679
96600 687
96700 685
96800 693
96900 687
97000 705
97100 677
97200 657
97300 661
97400 659
97500 657
97600 615
97700 617
97800 611
97900 597
98000 615
98100 609
98200 609
98300 607
98400 619
98500 625
98600 625
98700 617
98800 607
98900 611
99000 587
99100 615
99200 609
99300 583
99400 565
99500 579
99600 557
99700 543
99800 549
99900 565
100000 547
100100 539
100200 557
100300 533
100400 507
100500 519
100600 513
100700 531
100800 515
100900 497
101000 493
101100 501
101200 479
101300 505
101400 519
101500 503
101600 459
101700 459
101800 459
101900 467
102000 475
102100 495
102200 507
102300 501
102400 499
102500 501
102600 519
102700 495
102800 477
102900 459
103000 445
103100 451
103200 449
103300 439
103400 469
103500 453
103600 461
103700 429
103800 427
103900 411
104000 401
104100 413
104200 407
104300 421
104400 409
104500 387
104600 381
104700 385
104800 377
104900 391
105000 375
105100 399
105200 391
105300 413
105400 419
105500 415
105600 397
105700 369
105800 371
105900 363
106000 389
106100 401
106200 379
106300 365
106400 355
106500 347
106600 329
106700 311
106800 305
106900 275
107000 285
107100 281
107200 293
107300 295
107400 285
107500 281
107600 257
107700 243
107800 271
107900 253
108000 243
108100 219
108200 235
108300 233
108400 247
108500 223
108600 251
108700 263
108800 271
108900 267
109000 285
109100 281
109200 303
109300 327
109400 305
109500 311
109600 331
109700 351
109800 337
109900 315
110000 289
110100 285
110200 287
110300 283
110400 289
110500 275
110600 295
110700 293
110800 323
110900 347
111000 363
111100 389
111200 381
111300 377
111400 391
111500 381
111600 367
111700 391
111800 415
111900 421
112000 411
112100 415
112200 405
112300 401
112400 405
112500 449
112600 469
112700 453
112800 449
112900 463
113000 473
113100 437
113200 405
113300 393
113400 397
113500 409
113600 421
113700 451
113800 437
113900 431
114000 425
114100 423
114200 445
114300 445
114400 449
114500 455
114600 463
114700 469
114800 467
114900 447
115000 447
115100 455
115200 439
115300 441
115400 449
115500 469
115600 475
115700 487
115800 495
115900 511
116000 517
116100 509
116200 477
116300 467
116400 445
116500 463
116600 459
116700 447
116800 471
116900 465
117000 465
117100 479
117200 473
117300 477
117400 497
117500 525
117600 533
117700 517
117800 489
117900 479
118000 485
118100 515
118200 519
118300 527
118400 487
118500 473
118600 487
118700 451
118800 463
118900 461
119000 455
119100 449
119200 459
119300 471
119400 469
119500 451
119600 465
119700 485
119800 473
119900 443
120000 437
120100 423
120200 447
120300 423
120400 407
120500 401
120600 395
120700 423
120800 429
120900 401
121000 413
121100 421
121200 425
121300 425
121400 421
121500 419
121600 431
121700 465
121800 445
121900 441
122000 435
122100 439
122200 427
122300 445
122400 445
122500 453
122600 467
122700 463
122800 457
122900 455
123000 455
123100 429
123200 407
123300 417
123400 421
123500 413
123600 411
123700 431
123800 417
123900 425
124000 421
124100 423
124200 419
124300 409
124400 411
124500 425
124600 425
124700 439
124800 449
124900 453
125000 459
125100 441
125200 477
125300 461
125400 447
125500 443
125600 475
125700 469
125800 457
125900 447
126000 451
126100 437
126200 461
126300 465
126400 477
126500 493
126600 481
126700 483
126800 477
126900 441
127000 423
127100 415
127200 415
127300 405
127400 405
127500 409
127600 411
127700 399
127800 383
127900 359
128000 329
128100 325
128200 323
128300 363
128400 359
128500 365
128600 329
128700 335
128800 359
128900 363
129000 357
129100 339
129200 313
129300 313
129400 325
129500 301
129600 291
129700 315
129800 297
129900 299
130000 271
130100 277
130200 273
130300 279
130400 277
130500 257
130600 243
130700 233
130800 205
130900 215
131000 211
131100 193
131200 215
131300 233
131400 225
131500 211
131600 229
131700 261
131800 273
131900 263
132000 239
132100 241
132200 237
132300 217
132400 235
132500 243
132600 241
132700 233
132800 251
132900 249
133000 253
133100 241
133200 271
133300 269
133400 267
133500 253
133600 285
133700 265
133800 293
133900 291
134000 305
134100 323
134200 317
134300 327
134400 355
134500 349
134600 325
134700 313
134800 327
134900 343
135000 333
135100 317
135200 297
135300 281
135400 285
135500 297
135600 313
135700 327
135800 291
135900 287
136000 289
136100 293
136200 321
136300 315
136400 303
136500 313
136600 331
136700 341
136800 323
136900 307
137000 319
137100 335
137200 351
137300 357
137400 343
137500 333
137600 343
137700 351
137800 369
137900 361
138000 389
138100 379
138200 375
138300 389
138400 375
138500 389
138600 379
138700 407
138800 405
138900 405
139000 399
139100 393
139200 387
139300 393
139400 381
139500 381
139600 387
139700 367
139800 353
139900 333
140000 343
140100 353
140200 347
140300 333
140400 309
140500 305
140600 297
140700 313
140800 307
140900 283
141000 313
141100 317
141200 337
141300 345
141400 371
141500 399
141600 399
141700 397
141800 403
141900 415
142000 423
142100 425
142200 447
142300 451
142400 415
142500 411
142600 415
142700 411
142800 431
142900 421
143000 447
143100 441
143200 409
143300 401
143400 421
143500 395
143600 413
143700 427
143800 397
143900 395
144000 375
144100 387
144200 393
144300 385
144400 383
144500 363
144600 355
144700 349
144800 357
144900 351
145000 333
145100 341
145200 323
145300 317
145400 325
145500 299
145600 297
145700 279
145800 267
145900 283
146000 293
146100 301
146200 283
146300 283
146400 293
146500 299
146600 289
146700 253
146800 243
146900 241
147000 233
147100 229
147200 241
147300 241
147400 213
147500 205
147600 211
147700 205
147800 185
147900 195
148000 201
148100 185
148200 187
148300 177
148400 195
148500 193
148600 189
148700 185
148800 193
148900 201
149000 193
149100 181
149200 179
149300 171
149400 175
149500 193
149600 179
149700 185
149800 181
149900 183
150000 191
150100 193
150200 207
150300 203
150400 177
150500 169
150600 155
150700 161
150800 151
150900 155
151000 179
151100 173
151200 163
151300 185
151400 195
151500 193
151600 179
151700 187
151800 177
151900 143
152000 123
152100 109
152200 109
152300 123
152400 119
152500 105
152600 113
152700 103
152800 119
152900 109
153000 115
153100 99
153200 87
153300 83
153400 89
153500 103
153600 107
153700 103
153800 111
153900 111
154000 81
154100 95
154200 109
154300 109
154400 135
154500 137
154600 141
154700 153
154800 149
154900 145
155000 167
155100 165
155200 153
155300 173
155400 175
155500 159
155600 147
155700 127
155800 125
155900 135
156000 125
156100 101
156200 95
156300 109
156400 93
156500 81
156600 93
156700 97
156800 99
156900 105
157000 93
157100 89
157200 97
157300 89
157400 85
157500 51
157600 63
157700 65
157800 75
157900 63
158000 81
158100 87
158200 105
158300 105
158400 109
158500 125
158600 125
158700 107
158800 149
158900 141
159000 133
159100 121
159200 95
159300 109
159400 107
159500 97
159600 113
159700 101
159800 63
159900 71
160000 65
160100 31
160200 29
160300 51
160400 65
160500 75
160600 105
160700 107
160800 101
160900 107
161000 93
161100 89
161200 93
161300 61
161400 23
161500 55
161600 73
161700 87
161800 89
161900 99
162000 89
162100 117
162200 141
162300 149
162400 181
162500 173
162600 157
162700 201
162800 195
162900 191
163000 185
163100 197
163200 193
163300 197
163400 185
163500 171
163600 143
163700 131
163800 127
163900 131
164000 145
164100 145
164200 125
164300 123
164400 115
164500 89
164600 105
164700 103
164800 113
164900 93
165000 93
165100 121
165200 115
165300 103
165400 75
165500 71
165600 93
165700 97
165800 99
165900 107
166000 115
166100 145
166200 163
166300 175
166400 155
166500 135
166600 149
166700 151
166800 161
166900 165
167000 173
167100 169
167200 169
167300 163
167400 149
167500 163
167600 191
167700 161
167800 161
167900 153
168000 157
168100 143
168200 153
168300 167
168400 151
168500 179
168600 195
168700 209
168800 203
168900 205
169000 187
169100 171
169200 169
169300 161
169400 169
169500 149
169600 145
169700 153
169800 167
169900 181
170000 185
170100 177
170200 171
170300 189
170400 171
170500 165
170600 145
170700 127
170800 107
170900 95
171000 121
171100 139
171200 157
171300 143
171400 123
171500 107
171600 83
171700 103
171800 123
171900 117
172000 111
172100 109
172200 65
172300 87
172400 89
172500 119
172600 99
172700 85
172800 83
172900 51
173000 51
173100 61
173200 73
173300 97
173400 83
173500 75
173600 87
173700 73
173800 77
173900 95
174000 81
174100 59
174200 81
174300 117
174400 141
174500 169
174600 161
174700 173
174800 159
174900 161
175000 175
175100 187
175200 171
175300 167
175400 145
175500 147
175600 159
175700 133
175800 125
175900 133
176000 143
176100 119
176200 109
176300 127
176400 137
176500 133
176600 135
176700 139
176800 157
176900 183
177000 205
177100 195
177200 207
177300 235
177400 233
177500 231
177600 239
177700 247
177800 259
177900 267
178000 251
178100 243
178200 247
178300 277
178400 269
178500 289
178600 323
178700 327
178800 333
178900 343
179000 315
179100 329
179200 305
179300 337
179400 333
179500 369
179600 361
179700 341
179800 291
179900 297
180000 317
180100 317
180200 315
180300 327
180400 311
180500 295
180600 281
180700 289
180800 291
180900 267
181000 277
181100 277
181200 287
181300 293
181400 285
181500 293
181600 299
181700 293
181800 293
181900 315
182000 295
182100 283
182200 299
182300 295
182400 281
182500 285
182600 307
182700 323
182800 339
182900 347
183000 329
183100 339
183200 341
183300 349
183400 327
183500 305
183600 307
183700 287
183800 281
183900 283
184000 283
184100 249
184200 251
184300 231
184400 219
184500 241
184600 233
184700 235
184800 233
184900 241
185000 269
185100 277
185200 283
185300 297
185400 293
185500 293
185600 311
185700 317
185800 319
185900 305
186000 295
186100 269
186200 271
186300 241
186400 265
186500 255
186600 259
186700 251
186800 253
186900 241
187000 263
187100 251
187200 207
187300 197
187400 177
187500 177
187600 155
187700 171
187800 179
187900 189
188000 211
188100 193
188200 193
188300 165
188400 127
188500 149
188600 165
188700 159
188800 151
188900 145
189000 127
189100 115
189200 139
189300 125
189400 97
189500 93
189600 85
189700 63
189800 79
189900 65
190000 71
190100 57
190200 57
190300 77
190400 51
190500 53
190600 49
190700 57
190800 55
190900 51
191000 59
191100 49
191200 31
191300 33
191400 29
191500 33
191600 53
191700 49
191800 35
191900 41
192000 39
192100 31
192200 25
192300 61
192400 55
192500 71
192600 71
192700 89
192800 93
192900 109
193000 115
193100 125
193200 119
193300 83
193400 83
193500 79
193600 49
193700 73
193800 53
193900 47
194000 25
194100 33
194200 55
194300 51
194400 59
194500 57
194600 57
194700 47
194800 35
194900 49
195000 35
195100 7
195200 7
195300 11
195400 41
195500 49
195600 63
195700 47
195800 79
195900 73
196000 71
196100 67
196200 89
196300 79
196400 65
196500 81
196600 73
196700 49
196800 37
196900 39
197000 31
197100 33
197200 35
197300 51
197400 73
197500 85
197600 79
197700 95
197800 81
197900 93
198000 109
198100 101
198200 107
198300 119
198400 125
198500 121
198600 149
198700 167
198800 167
198900 171
199000 165
199100 119
199200 93
199300 105
199400 111
199500 91
199600 107
199700 119
199800 121
199900 111
200000 101
200100 139
200200 145
200300 139
200400 141
200500 143
200600 139
200700 119
200800 119
200900 103
201000 99
201100 99
201200 121
201300 139
201400 147
201500 105
201600 103
201700 119
201800 109
201900 103
202000 115
202100 109
202200 95
202300 85
202400 55
202500 75
202600 77
202700 51
202800 39
202900 67
203000 73
203100 75
203200 95
203300 95
203400 91
203500 111
203600 111
203700 113
203800 129
203900 163
204000 161
