100 10201
200 10199
300 10199
400 10195
500 10185
600 10183
700 10179
800 10169
900 10169
1000 10165
1100 10161
1200 10157
1300 10145
1400 10143
1500 10139
1600 10137
1700 10129
1800 10129
1900 10127
2000 10123
2100 10119
2200 10115
2300 10113
2400 10109
2500 10105
2600 10105
2700 10101
2800 10097
2900 10095
3000 10089
3100 10089
3200 10087
3300 10083
3400 10075
3500 10075
3600 10071
3700 10071
3800 10067
3900 10065
4000 10065
4100 10063
4200 10059
4300 10053
4400 10053
4500 10055
4600 10055
4700 10051
4800 10047
4900 10045
5000 10043
5100 10035
5200 10033
5300 10029
5400 10027
5500 10023
5600 10015
5700 10011
5800 10005
5900 9999
6000 10001
6100 9995
6200 9995
6300 9993
6400 9991
6500 9983
6600 9983
6700 9983
6800 9979
6900 9981
7000 9975
7100 9965
7200 9957
7300 9957
7400 9953
7500 9951
7600 9943
7700 9939
7800 9933
7900 9927
8000 9923
8100 9929
8200 9927
8300 9923
8400 9923
8500 9919
8600 9919
8700 9919
8800 9919
8900 9917
9000 9921
9100 9921
9200 9923
9300 9919
9400 9917
9500 9913
9600 9915
9700 9909
9800 9907
9900 9909
10000 9905
10100 9907
10200 9913
10300 9915
10400 9911
10500 9909
10600 9911
10700 9911
10800 9911
10900 9909
11000 9907
11100 9905
11200 9903
11300 9899
11400 9897
11500 9897
11600 9895
11700 9897
11800 9893
11900 9899
12000 9899
12100 9901
12200 9899
12300 9897
12400 9895
12500 9895
12600 9895
12700 9893
12800 9893
12900 9887
13000 9887
13100 9881
13200 9879
13300 9883
13400 9883
13500 9877
13600 9873
13700 9873
13800 9873
13900 9865
14000 9863
14100 9861
14200 9861
14300 9861
14400 9857
14500 9853
14600 9851
14700 9847
14800 9847
14900 9843
15000 9851
15100 9851
15200 9851
15300 9855
15400 9855
15500 9853
15600 9853
15700 9851
15800 9853
15900 9849
16000 9863
16100 9867
16200 9867
16300 9869
16400 9869
16500 9863
16600 9857
16700 9861
16800 9853
16900 9853
17000 9851
17100 9857
17200 9849
17300 9845
17400 9847
17500 9847
17600 9843
17700 9839
17800 9841
17900 9847
18000 9847
18100 9839
18200 9843
18300 9843
18400 9835
18500 9835
18600 9831
18700 9829
18800 9827
18900 9823
19000 9821
19100 9819
19200 9823
19300 9819
19400 9815
19500 9811
19600 9811
19700 9807
19800 9807
19900 9803
20000 9799
20100 9791
20200 9793
20300 9785
20400 9783
20500 9785
20600 9783
20700 9783
20800 9779
20900 9783
21000 9779
21100 9785
21200 9781
21300 9783
21400 9783
21500 9789
21600 9789
21700 9789
21800 9781
21900 9777
22000 9781
22100 9775
22200 9777
22300 9775
22400 9775
22500 9771
22600 9767
22700 9769
22800 9765
22900 9763
23000 9761
23100 9757
23200 9757
23300 9759
23400 9757
23500 9755
23600 9757
23700 9755
23800 9755
23900 9749
24000 9755
24100 9757
24200 9755
24300 9749
24400 9743
24500 9737
24600 9733
24700 9735
24800 9735
24900 9733
25000 9731
25100 9733
25200 9735
25300 9729
25400 9731
25500 9733
25600 9729
25700 9729
25800 9727
25900 9729
26000 9727
26100 9729
26200 9729
26300 9727
26400 9725
26500 9723
26600 9719
26700 9713
26800 9709
26900 9705
27000 9703
27100 9693
27200 9699
27300 9693
27400 9681
27500 9681
27600 9687
27700 9691
27800 9693
27900 9693
28000 9687
28100 9685
28200 9691
28300 9691
28400 9691
28500 9687
28600 9675
28700 9675
28800 9677
28900 9671
29000 9671
29100 9671
29200 9667
29300 9665
29400 9669
29500 9677
29600 9669
29700 9667
29800 9667
29900 9667
30000 9667
30100 9669
30200 9673
30300 9675
30400 9677
30500 9679
30600 9675
30700 9679
30800 9681
30900 9687
31000 9683
31100 9683
31200 9681
31300 9673
31400 9667
31500 9661
31600 9659
31700 9659
31800 9663
31900 9665
32000 9663
32100 9661
32200 9665
32300 9665
32400 9663
32500 9657
32600 9653
32700 9649
32800 9647
32900 9643
33000 9649
33100 9645
33200 9647
33300 9649
33400 9657
33500 9651
33600 9651
33700 9651
33800 9647
33900 9647
34000 9645
34100 9641
34200 9641
34300 9641
34400 9635
34500 9631
34600 9631
34700 9625
34800 9621
34900 9611
35000 9605
35100 9603
35200 9607
35300 9613
35400 9603
35500 9601
35600 9609
35700 9609
35800 9607
35900 9607
36000 9603
36100 9601
36200 9605
36300 9595
36400 9595
36500 9591
36600 9583
36700 9583
36800 9573
36900 9577
37000 9579
37100 9583
37200 9579
37300 9579
37400 9585
37500 9577
37600 9573
37700 9573
37800 9569
37900 9569
38000 9565
38100 9563
38200 9563
38300 9555
38400 9545
38500 9547
38600 9553
38700 9561
38800 9563
38900 9567
39000 9569
39100 9569
39200 9563
39300 9565
39400 9557
39500 9555
39600 9557
39700 9555
39800 9551
39900 9547
40000 9547
40100 9539
40200 9535
40300 9533
40400 9533
40500 9537
40600 9531
40700 9525
40800 9529
40900 9527
41000 9517
41100 9521
41200 9521
41300 9533
41400 9539
41500 9537
41600 9533
41700 9525
41800 9519
41900 9519
42000 9521
42100 9527
42200 9529
42300 9529
42400 9531
42500 9527
42600 9531
42700 9537
42800 9541
42900 9537
43000 9537
43100 9539
43200 9539
43300 9539
43400 9545
43500 9543
43600 9535
43700 9533
43800 9529
43900 9527
44000 9523
44100 9523
44200 9525
44300 9527
44400 9531
44500 9535
44600 9539
44700 9541
44800 9535
44900 9541
45000 9531
45100 9539
45200 9535
45300 9535
45400 9541
45500 9543
45600 9537
45700 9539
45800 9533
45900 9539
46000 9537
46100 9541
46200 9545
46300 9531
46400 9529
46500 9527
46600 9535
46700 9535
46800 9533
46900 9537
47000 9541
47100 9549
47200 9547
47300 9545
47400 9545
47500 9547
47600 9543
47700 9543
47800 9543
47900 9541
48000 9537
48100 9531
48200 9527
48300 9533
48400 9537
48500 9529
48600 9525
48700 9531
48800 9531
48900 9541
49000 9541
49100 9539
49200 9539
49300 9539
49400 9545
49500 9543
49600 9539
49700 9535
49800 9529
49900 9521
50000 9525
50100 9529
50200 9537
50300 9533
50400 9539
50500 9537
50600 9539
50700 9533
50800 9533
50900 9533
51000 9531
51100 9533
51200 9525
51300 9527
51400 9529
51500 9527
51600 9521
51700 9527
51800 9533
51900 9525
52000 9527
52100 9531
52200 9531
52300 9529
52400 9525
52500 9531
52600 9529
52700 9535
52800 9535
52900 9529
53000 9529
53100 9529
53200 9525
53300 9525
53400 9527
53500 9529
53600 9525
53700 9535
53800 9535
53900 9519
54000 9507
54100 9509
54200 9507
54300 9507
54400 9509
54500 9505
54600 9501
54700 9497
54800 9495
54900 9491
55000 9493
55100 9495
55200 9489
55300 9489
55400 9497
55500 9499
55600 9493
55700 9491
55800 9489
55900 9489
56000 9485
56100 9487
56200 9479
56300 9483
56400 9485
56500 9491
56600 9493
56700 9489
56800 9485
56900 9483
57000 9485
57100 9483
57200 9485
57300 9475
57400 9473
57500 9483
57600 9485
57700 9493
57800 9491
57900 9493
58000 9491
58100 9491
58200 9495
58300 9495
58400 9503
58500 9499
58600 9491
58700 9481
58800 9475
58900 9473
59000 9471
59100 9469
59200 9461
59300 9451
59400 9453
59500 9459
59600 9457
59700 9455
59800 9453
59900 9459
60000 9465
60100 9465
60200 9455
60300 9451
60400 9461
60500 9459
60600 9467
60700 9457
60800 9453
60900 9451
61000 9445
61100 9451
61200 9443
61300 9443
61400 9443
61500 9447
61600 9433
61700 9433
61800 9443
61900 9433
62000 9431
62100 9433
62200 9437
62300 9441
62400 9431
62500 9433
62600 9431
62700 9429
62800 9433
62900 9431
63000 9431
63100 9423
63200 9421
63300 9419
63400 9409
63500 9415
63600 9411
63700 9399
63800 9401
63900 9397
64000 9397
64100 9399
64200 9397
64300 9407
64400 9417
64500 9415
64600 9415
64700 9409
64800 9409
64900 9403
65000 9405
65100 9399
65200 9393
65300 9401
65400 9405
65500 9413
65600 9415
65700 9407
65800 9403
65900 9399
66000 9393
66100 9397
66200 9397
66300 9391
66400 9397
66500 9407
66600 9409
66700 9401
66800 9407
66900 9403
67000 9405
67100 9405
67200 9401
67300 9395
67400 9395
67500 9389
67600 9387
67700 9385
67800 9395
67900 9391
68000 9393
68100 9397
68200 9401
68300 9407
68400 9407
68500 9403
68600 9407
68700 9413
68800 9411
68900 9403
69000 9409
69100 9403
69200 9405
69300 9407
69400 9407
69500 9409
69600 9411
69700 9407
69800 9407
69900 9407
70000 9411
70100 9413
70200 9405
70300 9405
70400 9411
70500 9399
70600 9397
70700 9399
70800 9399
70900 9393
71000 9387
71100 9387
71200 9383
71300 9381
71400 9377
71500 9369
71600 9375
71700 9371
71800 9371
71900 9377
72000 9377
72100 9375
72200 9371
72300 9365
72400 9369
72500 9365
72600 9373
72700 9369
72800 9365
72900 9365
73000 9371
73100 9367
73200 9377
73300 9373
73400 9373
73500 9377
73600 9381
73700 9385
73800 9401
73900 9403
74000 9403
74100 9391
74200 9401
74300 9403
74400 9405
74500 9407
74600 9409
74700 9411
74800 9417
74900 9415
75000 9419
75100 9425
75200 9429
75300 9425
75400 9429
75500 9439
75600 9437
75700 9435
75800 9429
75900 9431
76000 9427
76100 9433
76200 9423
76300 9411
76400 9413
76500 9407
76600 9407
76700 9403
76800 9407
76900 9403
77000 9409
77100 9407
77200 9395
77300 9397
77400 9395
77500 9395
77600 9391
77700 9385
77800 9381
77900 9377
78000 9383
78100 9389
78200 9395
78300 9395
78400 9403
78500 9401
78600 9395
78700 9383
78800 9385
78900 9389
79000 9389
79100 9387
79200 9389
79300 9395
79400 9393
79500 9389
79600 9399
79700 9395
79800 9389
79900 9385
80000 9389
80100 9395
80200 9407
80300 9403
80400 9401
80500 9399
80600 9391
80700 9403
80800 9401
80900 9407
81000 9413
81100 9415
81200 9411
81300 9417
81400 9417
81500 9415
81600 9413
81700 9407
81800 9409
81900 9399
82000 9395
82100 9395
82200 9395
82300 9395
82400 9393
82500 9399
82600 9399
82700 9393
82800 9393
82900 9391
83000 9393
83100 9387
83200 9383
83300 9389
83400 9393
83500 9391
83600 9395
83700 9395
83800 9399
83900 9405
84000 9403
84100 9407
84200 9407
84300 9401
84400 9401
84500 9405
84600 9409
84700 9417
84800 9413
84900 9413
85000 9415
85100 9411
85200 9419
85300 9427
85400 9427
85500 9431
85600 9427
85700 9429
85800 9423
85900 9427
86000 9421
86100 9425
86200 9419
86300 9417
86400 9417
86500 9419
86600 9423
86700 9421
86800 9423
86900 9423
87000 9425
87100 9425
87200 9417
87300 9409
87400 9401
87500 9395
87600 9389
87700 9399
87800 9399
87900 9405
88000 9403
88100 9403
88200 9409
88300 9411
88400 9415
88500 9421
88600 9423
88700 9423
88800 9419
88900 9425
89000 9425
89100 9425
89200 9429
89300 9429
89400 9431
89500 9425
89600 9427
89700 9429
89800 9427
89900 9423
90000 9423
90100 9417
90200 9417
90300 9411
90400 9409
90500 9407
90600 9401
90700 9393
90800 9397
90900 9397
91000 9399
91100 9391
91200 9393
91300 9393
91400 9399
91500 9399
91600 9387
91700 9381
91800 9379
91900 9371
92000 9375
92100 9369
92200 9373
92300 9369
92400 9369
92500 9375
92600 9381
92700 9391
92800 9387
92900 9389
93000 9397
93100 9395
93200 9397
93300 9385
93400 9379
93500 9387
93600 9393
93700 9391
93800 9387
93900 9383
94000 9379
94100 9389
94200 9397
94300 9387
94400 9389
94500 9389
94600 9387
94700 9383
94800 9383
94900 9377
95000 9377
95100 9373
95200 9375
95300 9381
95400 9379
95500 9381
95600 9379
95700 9385
95800 9379
95900 9379
96000 9385
96100 9383
96200 9391
96300 9387
96400 9379
96500 9371
96600 9371
96700 9367
96800 9373
96900 9369
97000 9363
97100 9357
97200 9371
97300 9367
97400 9361
97500 9363
97600 9377
97700 9377
97800 9373
97900 9381
98000 9377
98100 9381
98200 9383
98300 9383
98400 9377
98500 9367
98600 9361
98700 9363
98800 9363
98900 9359
99000 9353
99100 9347
99200 9357
99300 9353
99400 9345
99500 9345
99600 9349
99700 9349
99800 9337
99900 9337
100000 9335
100100 9327
100200 9325
100300 9327
100400 9325
100500 9333
100600 9343
100700 9349
100800 9347
100900 9341
101000 9341
101100 9345
101200 9335
101300 9333
101400 9329
101500 9331
101600 9331
101700 9319
101800 9323
101900 9323
102000 9331
102100 9325
102200 9315
102300 9319
102400 9323
102500 9323
102600 9327
102700 9329
102800 9331
102900 9331
103000 9331
103100 9325
103200 9319
103300 9331
103400 9333
103500 9335
103600 9329
103700 9329
103800 9329
103900 9327
104000 9323
104100 9323
104200 9315
104300 9315
104400 9323
104500 9325
104600 9325
104700 9325
104800 9325
104900 9331
105000 9333
105100 9319
105200 9313
105300 9307
105400 9303
105500 9301
105600 9291
105700 9283
105800 9285
105900 9283
106000 9293
106100 9285
106200 9283
106300 9287
106400 9283
106500 9295
106600 9277
106700 9279
106800 9279
106900 9279
107000 9283
107100 9283
107200 9283
107300 9279
107400 9285
107500 9281
107600 9277
107700 9273
107800 9273
107900 9273
108000 9267
108100 9269
108200 9267
108300 9265
108400 9259
108500 9257
108600 9259
108700 9259
108800 9263
108900 9263
109000 9261
109100 9259
109200 9257
109300 9257
109400 9255
109500 9253
109600 9263
109700 9269
109800 9275
109900 9273
110000 9265
110100 9263
110200 9259
110300 9263
110400 9271
110500 9267
110600 9269
110700 9267
110800 9275
110900 9273
111000 9275
111100 9275
111200 9289
111300 9289
111400 9295
111500 9291
111600 9299
111700 9293
111800 9289
111900 9285
112000 9281
112100 9281
112200 9283
112300 9271
112400 9279
112500 9277
112600 9275
112700 9277
112800 9285
112900 9293
113000 9287
113100 9289
113200 9289
113300 9291
113400 9295
113500 9291
113600 9295
113700 9295
113800 9299
113900 9297
114000 9293
114100 9299
114200 9303
114300 9301
114400 9301
114500 9299
114600 9297
114700 9295
114800 9295
114900 9287
115000 9287
115100 9277
115200 9269
115300 9273
115400 9275
115500 9279
115600 9277
115700 9281
115800 9287
115900 9289
116000 9291
116100 9293
116200 9283
116300 9275
116400 9273
116500 9269
116600 9267
116700 9263
116800 9277
116900 9279
117000 9273
117100 9271
117200 9285
117300 9289
117400 9283
117500 9287
117600 9287
117700 9291
117800 9289
117900 9293
118000 9293
118100 9295
118200 9299
118300 9291
118400 9285
118500 9287
118600 9295
118700 9289
118800 9291
118900 9287
119000 9281
119100 9283
119200 9273
119300 9255
119400 9257
119500 9261
119600 9261
119700 9265
119800 9271
119900 9279
120000 9287
120100 9287
120200 9287
120300 9291
120400 9291
120500 9291
120600 9295
120700 9295
120800 9293
120900 9297
121000 9293
121100 9285
121200 9291
121300 9283
121400 9281
121500 9275
121600 9283
121700 9285
121800 9287
121900 9291
122000 9293
122100 9289
122200 9285
122300 9285
122400 9283
122500 9283
122600 9287
122700 9289
122800 9285
122900 9287
123000 9285
123100 9291
123200 9293
123300 9293
123400 9293
123500 9291
123600 9299
123700 9295
123800 9297
123900 9293
124000 9287
124100 9295
124200 9289
124300 9289
124400 9285
124500 9273
124600 9275
124700 9277
124800 9289
124900 9287
125000 9287
125100 9283
125200 9287
125300 9283
125400 9291
125500 9281
125600 9279
125700 9289
125800 9287
125900 9287
126000 9289
126100 9297
126200 9293
126300 9303
126400 9301
126500 9297
126600 9297
126700 9305
126800 9303
126900 9303
127000 9303
127100 9303
127200 9295
127300 9295
127400 9307
127500 9315
127600 9313
127700 9313
127800 9309
127900 9311
128000 9305
128100 9299
128200 9297
128300 9291
128400 9283
128500 9275
128600 9273
128700 9281
128800 9275
128900 9271
129000 9267
129100 9265
129200 9273
129300 9269
129400 9285
129500 9291
129600 9299
129700 9299
129800 9305
129900 9303
130000 9301
130100 9299
130200 9299
130300 9299
130400 9295
130500 9305
130600 9311
130700 9317
130800 9323
130900 9325
131000 9333
131100 9333
131200 9337
131300 9343
131400 9349
131500 9351
131600 9351
131700 9345
131800 9341
131900 9345
132000 9339
132100 9333
132200 9329
132300 9323
132400 9323
132500 9327
132600 9321
132700 9319
132800 9313
132900 9311
133000 9309
133100 9311
133200 9315
133300 9315
133400 9317
133500 9319
133600 9315
133700 9317
133800 9317
133900 9311
134000 9311
134100 9309
134200 9311
134300 9313
134400 9317
134500 9317
134600 9321
134700 9327
134800 9331
134900 9335
135000 9335
135100 9331
135200 9339
135300 9339
135400 9337
135500 9333
135600 9339
135700 9343
135800 9343
135900 9349
136000 9341
136100 9341
136200 9339
136300 9345
136400 9353
136500 9349
136600 9353
136700 9361
136800 9359
136900 9361
137000 9359
137100 9357
137200 9359
137300 9363
137400 9367
137500 9365
137600 9369
137700 9367
137800 9359
137900 9357
138000 9357
138100 9347
138200 9339
138300 9347
138400 9349
138500 9347
138600 9359
138700 9355
138800 9341
138900 9339
139000 9335
139100 9341
139200 9341
139300 9341
139400 9345
139500 9351
139600 9347
139700 9351
139800 9341
139900 9343
140000 9341
140100 9347
140200 9347
140300 9343
140400 9341
140500 9347
140600 9351
140700 9351
140800 9349
140900 9345
141000 9343
141100 9345
141200 9341
141300 9351
141400 9357
141500 9357
141600 9351
141700 9361
141800 9357
141900 9361
142000 9359
142100 9347
142200 9345
142300 9339
142400 9353
142500 9353
142600 9355
142700 9347
142800 9345
142900 9355
143000 9357
143100 9355
143200 9353
143300 9343
143400 9351
143500 9347
143600 9345
143700 9345
143800 9335
143900 9333
144000 9333
144100 9335
144200 9331
144300 9319
144400 9323
144500 9327
144600 9337
144700 9357
144800 9361
144900 9367
145000 9363
145100 9361
145200 9359
145300 9363
145400 9357
145500 9357
145600 9355
145700 9349
145800 9351
145900 9357
146000 9351
146100 9349
146200 9335
146300 9339
146400 9339
146500 9337
146600 9335
146700 9331
146800 9331
146900 9337
147000 9329
147100 9337
147200 9333
147300 9327
147400 9333
147500 9341
147600 9339
147700 9337
147800 9339
147900 9331
148000 9327
148100 9345
148200 9355
148300 9351
148400 9345
148500 9345
148600 9347
148700 9345
148800 9345
148900 9347
149000 9347
149100 9343
149200 9347
149300 9341
149400 9345
149500 9347
149600 9343
149700 9347
149800 9349
149900 9343
150000 9349
150100 9345
150200 9351
150300 9349
150400 9351
150500 9343
150600 9349
150700 9347
150800 9349
150900 9351
151000 9339
151100 9343
151200 9339
151300 9349
151400 9349
151500 9345
151600 9335
151700 9327
151800 9329
151900 9331
152000 9335
152100 9335
152200 9339
152300 9341
152400 9339
152500 9357
152600 9365
152700 9363
152800 9367
152900 9367
153000 9371
153100 9369
153200 9377
153300 9379
153400 9375
153500 9367
153600 9381
153700 9383
153800 9385
153900 9385
154000 9383
154100 9387
154200 9371
154300 9365
154400 9363
154500 9367
154600 9365
154700 9359
154800 9359
154900 9357
155000 9353
155100 9357
155200 9369
155300 9369
155400 9367
155500 9361
155600 9359
155700 9373
155800 9381
155900 9383
156000 9385
156100 9383
156200 9385
156300 9387
156400 9397
156500 9399
156600 9397
156700 9401
156800 9401
156900 9405
157000 9411
157100 9411
157200 9413
157300 9419
157400 9431
157500 9425
157600 9429
157700 9421
157800 9417
157900 9419
158000 9409
158100 9409
158200 9411
158300 9421
158400 9427
158500 9429
158600 9425
158700 9423
158800 9425
158900 9419
159000 9419
159100 9419
159200 9419
159300 9425
159400 9417
159500 9423
159600 9425
159700 9433
159800 9427
159900 9431
160000 9423
160100 9419
160200 9415
160300 9421
160400 9425
160500 9421
160600 9419
160700 9423
160800 9417
160900 9417
161000 9423
161100 9423
161200 9429
161300 9433
161400 9447
161500 9453
161600 9447
161700 9451
161800 9459
161900 9457
162000 9453
162100 9449
162200 9451
162300 9445
162400 9453
162500 9447
162600 9441
162700 9459
162800 9463
162900 9463
163000 9471
163100 9469
163200 9471
163300 9469
163400 9473
163500 9477
163600 9467
163700 9461
163800 9465
163900 9459
164000 9459
164100 9461
164200 9453
164300 9463
164400 9469
164500 9467
164600 9471
164700 9475
164800 9459
164900 9459
165000 9469
165100 9471
165200 9469
165300 9471
165400 9473
165500 9469
165600 9465
165700 9465
165800 9465
165900 9455
166000 9453
166100 9451
166200 9441
166300 9433
166400 9431
166500 9429
166600 9425
166700 9423
166800 9417
166900 9405
167000 9411
167100 9413
167200 9417
167300 9417
167400 9429
167500 9433
167600 9437
167700 9431
167800 9425
167900 9423
168000 9425
168100 9419
168200 9417
168300 9419
168400 9421
168500 9419
168600 9421
168700 9423
168800 9417
168900 9423
169000 9425
169100 9427
169200 9425
169300 9431
169400 9425
169500 9423
169600 9425
169700 9417
169800 9415
169900 9411
170000 9417
170100 9419
170200 9417
170300 9417
170400 9415
170500 9411
170600 9413
170700 9411
170800 9419
170900 9415
171000 9421
171100 9421
171200 9421
171300 9419
171400 9421
171500 9423
171600 9419
171700 9415
171800 9425
171900 9427
172000 9421
172100 9423
172200 9421
172300 9415
172400 9413
172500 9411
172600 9411
172700 9407
172800 9409
172900 9407
173000 9407
173100 9407
173200 9409
173300 9403
173400 9403
173500 9405
173600 9399
173700 9403
173800 9403
173900 9405
174000 9397
174100 9391
174200 9391
174300 9387
174400 9389
174500 9395
174600 9395
174700 9399
174800 9399
174900 9405
175000 9397
175100 9399
175200 9401
175300 9401
175400 9391
175500 9393
175600 9387
175700 9395
175800 9393
175900 9391
176000 9395
176100 9387
176200 9393
176300 9391
176400 9393
176500 9393
176600 9401
176700 9397
176800 9401
176900 9405
177000 9393
177100 9383
177200 9377
177300 9379
177400 9383
177500 9389
177600 9387
177700 9381
177800 9377
177900 9379
178000 9375
178100 9375
178200 9369
178300 9377
178400 9375
178500 9373
178600 9371
178700 9373
178800 9373
178900 9371
179000 9365
179100 9361
179200 9353
179300 9353
179400 9351
179500 9339
179600 9331
179700 9327
179800 9333
179900 9337
180000 9341
180100 9339
180200 9339
180300 9343
180400 9345
180500 9347
180600 9349
180700 9341
180800 9339
180900 9335
181000 9327
181100 9341
181200 9341
181300 9339
181400 9341
181500 9333
181600 9331
181700 9325
181800 9331
181900 9337
182000 9337
182100 9341
182200 9349
182300 9351
182400 9351
182500 9355
182600 9351
182700 9345
182800 9353
182900 9349
183000 9351
183100 9357
183200 9355
183300 9357
183400 9343
183500 9337
183600 9335
183700 9327
183800 9319
183900 9311
184000 9325
184100 9329
184200 9333
184300 9337
184400 9335
184500 9337
184600 9337
184700 9341
184800 9333
184900 9333
185000 9337
185100 9341
185200 9335
185300 9341
185400 9341
185500 9337
185600 9343
185700 9343
185800 9343
185900 9349
186000 9337
186100 9333
186200 9327
186300 9321
186400 9325
186500 9329
186600 9335
186700 9329
186800 9331
186900 9341
187000 9345
187100 9343
187200 9341
187300 9339
187400 9335
187500 9333
187600 9327
187700 9317
187800 9307
187900 9313
188000 9305
188100 9309
188200 9317
188300 9313
188400 9309
188500 9309
188600 9315
188700 9315
188800 9301
188900 9311
189000 9311
189100 9305
189200 9301
189300 9299
189400 9301
189500 9307
189600 9311
189700 9317
189800 9323
189900 9319
190000 9311
190100 9303
190200 9305
190300 9311
190400 9297
190500 9307
190600 9305
190700 9303
190800 9301
190900 9311
191000 9307
191100 9307
191200 9303
191300 9299
191400 9303
191500 9307
191600 9303
191700 9299
191800 9297
191900 9287
192000 9279
192100 9275
192200 9273
192300 9273
192400 9273
192500 9275
192600 9279
192700 9283
192800 9283
192900 9279
193000 9275
193100 9277
193200 9281
193300 9275
193400 9283
193500 9287
193600 9285
193700 9285
193800 9297
193900 9297
194000 9291
194100 9289
194200 9283
194300 9293
194400 9289
194500 9287
194600 9295
194700 9311
194800 9311
194900 9315
195000 9321
195100 9321
195200 9323
195300 9327
195400 9323
195500 9329
195600 9327
195700 9317
195800 9317
195900 9309
196000 9305
196100 9299
196200 9301
196300 9301
196400 9297
196500 9305
196600 9297
196700 9287
196800 9291
196900 9285
197000 9277
197100 9279
197200 9281
197300 9285
197400 9285
197500 9281
197600 9283
197700 9283
197800 9281
197900 9285
198000 9301
198100 9305
198200 9307
198300 9319
198400 9323
198500 9325
198600 9321
198700 9315
198800 9319
198900 9327
199000 9325
199100 9313
199200 9315
199300 9315
199400 9317
199500 9315
199600 9309
199700 9311
199800 9309
199900 9303
200000 9307
200100 9305
200200 9311
200300 9303
200400 9299
200500 9293
200600 9299
200700 9303
200800 9293
200900 9293
201000 9293
201100 9285
201200 9279
201300 9285
201400 9283
201500 9281
201600 9279
201700 9275
201800 9269
201900 9275
202000 9281
202100 9277
202200 9283
202300 9285
202400 9291
202500 9293
202600 9297
202700 9305
202800 9317
202900 9313
203000 9315
203100 9317
203200 9313
203300 9311
203400 9315
203500 9309
203600 9301
203700 9307
203800 9311
203900 9309
204000 9309
