-50133.3  25083.1  -0.199869  1
-50051.4  25061.8  -0.199712  1.1
-49932.6  25030.4  -0.199487  1.2
-49732.3  24976.6  -0.199116  1.3
-49441.8  24896.1  -0.198593  1.4
-48998.2  24768.1  -0.197828  1.5
-48473.3  24612.7  -0.196944  1.6
-47737.3  24381.8  -0.195791  1.7
-46771.6  24067.8  -0.194332  1.8
-45648  23655.8  -0.192967  1.9
-44184  23090.6  -0.191349  2
-42488  22370.7  -0.189927  2.1
-40422.2  21331.4  -0.189502  2.2
-37890.9  19954.6  -0.189896  2.3
-35175.1  18236.8  -0.192935  2.4
-31973.9  15741.8  -0.203335  2.5
-28891.2  12833.3  -0.225695  2.6
-26104.2  9670.84  -0.27208  2.7
-23812.5  6253.46  -0.388579  2.8
-22106.5  3446.06  -0.660801  2.9
-20672.7  1922.56  -1.09797  3
-19734.2  875.26  -2.59041  3.1
-18806  227.32  -9.53648  3.2
-17961.8  112.68  -33.2418  3.3
-17320.9  97.54  -69.1376  3.4
-16689.1  110.66  -21.3065  3.5
-16007  156.82  -10.439  3.6
-15508.1  60.72  -44.1626  3.7
-14971.4  120.6  -18.9772  3.8
-14504.6  39.28  -98.9812  3.9
-14004.9  87.12  -35.806  4
-13591.6  77.2  -21.703  4.1
-13191.3  191.42  -7.39263  4.2
-12817  135.42  -267.191  4.3
-12512.4  103.52  -20.5919  4.4
-12177.7  81.26  -33.7883  4.5
-11839.3  85.1  -134.166  4.6
-11534  53.76  -33.8334  4.7
-11244  137.38  -22.0342  4.8
-11045.8  88.38  -15.0546  4.9
-10806.8  76.92  -29.7767  5
-10504.4  48.58  -30.1958  5.1
-10260.3  82.74  -18.4566  5.2
-10026.4  84.04  -346.697  5.3
-9806.44  56.6  -23.7871  5.4
-9646.84  68.68  -24.4779  5.5
-9445.76  36.3  -60.7678  5.6
-9245.24  65.4  -39.4889  5.7
-9134.24  78.86  -22.2308  5.8
-8936.16  57.7  -64.2187  5.9
-8801.6  90.42  -14.0743  6
-8619.44  73.64  -292.61  6.1
-8435.44  38.98  -72.906  6.2
-8301.32  50.7  -55.8095  6.3
-8154.44  50.76  -24.1571  6.4
-8033.12  49.5  -39.1965  6.5
-7904.92  48.34  -391.243  6.6
-7807.96  53.76  -33.5665  6.7
-7681.92  57.42  -33.6179  6.8
-7506.24  99.9  -11.9436  6.9
-7424.72  43.54  -57.7262  7
-7304.24  54.68  -69.189  7.1
-7206.44  33.76  -58.1639  7.2
-7098.88  71.96  -13.0164  7.3
-6998.56  42.52  -24.609  7.4
-6887.72  51.76  -120.861  7.5
-6770.44  56.08  -79.5897  7.6
-6718.76  40.36  -33.1765  7.7
-6575.2  60.58  -140.098  7.8
-6539  41.16  -19.6648  7.9
-6468.84  90.18  -100.465  8
-6376.32  85.54  -13.2527  8.1
-6267.64  48.96  -31.4333  8.2
-6200.44  40  -34.4718  8.3
-6140.72  56.74  -20.793  8.4
-6037  37.46  -55.831  8.5
-5924.16  38.3  -35.8124  8.6
-5910.88  28.3  -71.5205  8.7
-5866.92  44.76  -26.3859  8.8
-5743.56  40.9  -19.7241  8.9
-5703.8  51.14  -14.7353  9
-5608.16  48.72  -32.0354  9.1
-5578.32  54.7  -21.0074  9.2
-5490.56  46.68  -48.5198  9.3
-5448.16  71.08  -15.1273  9.4
-5394.16  55  -14.6881  9.5
-5307.64  69.36  -68.3286  9.6
-5254.96  62.7  -30.0023  9.7
-5192.72  37.92  -55.8052  9.8
-5146.24  26.72  -556.453  9.9
-5098.76  36.72  -19.3313  10
