-72142.2  36095.3  -0.199866  1
-72026.1  36064.9  -0.199713  1.1
-71841.7  36016  -0.199472  1.2
-71565.4  35941.6  -0.199116  1.3
-71104.7  35813.8  -0.19854  1.4
-70551.9  35656.1  -0.197868  1.5
-69770.4  35425.3  -0.196951  1.6
-68700.9  35089.7  -0.195786  1.7
-67386.1  34657.9  -0.194431  1.8
-65756.3  34081.4  -0.192938  1.9
-63818.2  33333.6  -0.191452  2
-61230.8  32227.4  -0.189995  2.1
-58184.2  30774.5  -0.189069  2.2
-54590.8  28798.1  -0.189578  2.3
-50549.2  26176.4  -0.193166  2.4
-46058.9  22653.3  -0.203561  2.5
-41797  18578.8  -0.225618  2.6
-37711.5  13954.6  -0.271985  2.7
-34230.5  9188.1  -0.379276  2.8
-31879.8  5130.18  -0.644311  2.9
-30012.2  2620.68  -1.21343  3
-28366  1181.94  -2.54974  3.1
-27072.7  556.28  -5.31591  3.2
-25911.9  202.16  -13.7893  3.3
-24882.2  120.18  -25.0635  3.4
-24020.3  126.3  -26.8796  3.5
-22930.4  125.24  -288.815  3.6
-22207.3  214.04  -13.2156  3.7
-21503.6  52.76  -162.71  3.8
-20806.4  124.34  -20.4814  3.9
-20163.1  142.94  -23.6347  4
-19506.4  144.78  -28.8342  4.1
-19024  172.12  -22.6482  4.2
-18408.6  61.36  -62.2288  4.3
-17940.9  67.94  -37.1807  4.4
-17530.4  136.96  -19.3925  4.5
-17030  78.54  -39.0705  4.6
-16589.6  91.36  -37.6541  4.7
-16191  65.96  -171.676  4.8
-15865  57.12  -54.8921  4.9
-15468  65.34  -83.2598  5
-15121.8  74.7  -77.7394  5.1
-14768.4  86.44  -31.9262  5.2
-14524.7  61.7  -86.7158  5.3
-14223.7  178.2  -10.423  5.4
-13935.4  137.14  -17.9961  5.5
-13552.1  97.72  -30.1172  5.6
-13376.6  55.88  -53.7005  5.7
-13098.3  93.16  -32.1094  5.8
-12865  97.3  -53.9459  5.9
-12685.4  129.62  -11.7879  6
-12426.5  58.36  -56.3309  6.1
-12222.7  58  -103.963  6.2
-11965.1  74.6  -73.2941  6.3
-11774.5  70.3  -28.5403  6.4
-11557.5  61.64  -37.7817  6.5
-11374.8  66.88  -41.0926  6.6
-11210  42.92  -85.4484  6.7
-11013.5  72.36  -32.2712  6.8
-10874.1  53.22  -241.689  6.9
-10703.6  78.96  -38.2119  7
-10481  82.54  -20.3123  7.1
-10322.6  70  -35.038  7.2
-10186.1  119.76  -36.5973  7.3
-10119  66.86  -46.1455  7.4
-9998.24  82.58  -31.82  7.5
-9793.4  74.86  -19.7087  7.6
-9664.76  49.72  -86.6846  7.7
-9535.56  52.92  -116.096  7.8
-9400.32  56.98  -22.9086  7.9
-9308.52  96.64  -17.5151  8
-9184.12  73.04  -38.4567  8.1
-9065.6  62.48  -36.9218  8.2
-8904.4  67.18  -18.1885  8.3
-8802.6  45.08  -59.6228  8.4
-8666.08  64.08  -37.0426  8.5
-8543.36  60.32  -32.4962  8.6
-8455.8  87.56  -17.2817  8.7
-8352.76  80.3  -23.0334  8.8
-8299.92  44.22  -186.063  8.9
-8169.72  56.16  -45.4723  9
-8133.28  51.48  -35.3787  9.1
-7961.8  55.12  -117.515  9.2
-7868.28  49.94  -86.3563  9.3
-7789.76  68.28  -23.2469  9.4
-7806.72  93.28  -11.8335  9.5
-7765.64  74.76  -12.9681  9.6
-7605.68  58.82  -32.6551  9.7
-7495.44  84.4  -10.4907  9.8
-7416.72  53.26  -17.688  9.9
-7416.12  83.34  -45.0706  10
