-98146.9  49106.2  -0.199866  1
-97993.8  49066.4  -0.199717  1.1
-97760.3  49005.1  -0.19949  1.2
-97337  48891.7  -0.199087  1.3
-96755.2  48728.5  -0.19856  1.4
-95943.7  48499.1  -0.197826  1.5
-94913.6  48195.3  -0.196935  1.6
-93444.5  47732.7  -0.195766  1.7
-91600.1  47117.9  -0.194405  1.8
-89406.1  46351.8  -0.192885  1.9
-86702.1  45336.6  -0.191239  2
-83219.6  43850  -0.189782  2.1
-79186.5  41884.7  -0.189061  2.2
-74292.6  39149.5  -0.189784  2.3
-68758.4  35546.1  -0.193496  2.4
-62623.6  30738.9  -0.203969  2.5
-56536.7  25020.7  -0.226586  2.6
-51149.2  18731.9  -0.274902  2.7
-46981.6  12709.3  -0.374552  2.8
-43268.9  7921.56  -0.559634  2.9
-40835.6  4078.28  -1.05569  3
-38600.7  1711.64  -2.44892  3.1
-36687.5  580.54  -7.61115  3.2
-35299.6  238.58  -21.6886  3.3
-33831.5  173.94  -22.9582  3.4
-32654.7  224.24  -27.7761  3.5
-31504.1  151.56  -215.042  3.6
-30190.2  109.38  -55.6935  3.7
-29277.4  236.96  -13.7182  3.8
-28316.9  93.46  -52.8406  3.9
-27404.8  91.66  -94.4015  4
-26615.2  93.68  -55.7752  4.1
-25806  44.36  -111.846  4.2
-25041.2  109.34  -148.01  4.3
-24492  107.7  -312.784  4.4
-23797  54.8  -64.0317  4.5
-23118.6  86.72  -74.7521  4.6
-22638.7  98.02  -136.044  4.7
-22028.9  77.44  -91.3234  4.8
-21568.5  64.22  -110.031  4.9
-21145.7  58.02  -263.787  5
-20572.4  79.12  -56.7397  5.1
-20145.4  67.68  -58.1284  5.2
-19700.1  100.08  -55.6986  5.3
-19331.1  57.36  -119.158  5.4
-18946.9  89.92  -28.0382  5.5
-18540.1  74.14  -36.7734  5.6
-18195.6  47.36  -55.1509  5.7
-17851.4  63.78  -53.7448  5.8
-17475  65  -383.221  5.9
-17180.3  93.1  -40.8427  6
-16889  78.24  -38.8214  6.1
-16584.2  91.66  -26.0544  6.2
-16251.6  48.74  -97.8359  6.3
-16010.6  72.98  -27.3163  6.4
-15745.6  98.54  -24.9791  6.5
-15480.9  56.5  -219.647  6.6
-15233.7  67.86  -97.1759  6.7
-14990.4  61.34  -46.4997  6.8
-14664.6  101.06  -65.0934  6.9
-14566.6  62.56  -45.072  7
-14279.9  50.88  -142.434  7.1
-14129.3  48.88  -120.66  7.2
-13908.4  55.6  -59.8444  7.3
-13680.2  69.44  -71.8621  7.4
-13524.1  64.84  -1365.31  7.5
-13339.6  46.52  -52.364  7.6
-13119.8  55.62  -56.6794  7.7
-12972.2  81.02  -25.1989  7.8
-12832.4  17.3  -326.51  7.9
-12640.2  45.56  -51.8978  8
-12452.5  87.02  -24.1497  8.1
-12313  91.52  -20.249  8.2
-12164.7  91.72  -187.828  8.3
-11995.9  90.82  -23.8172  8.4
-11874  88.86  -47.4216  8.5
-11698.8  93.34  -17.0548  8.6
-11512.5  86.94  -15.5879  8.7
-11373.7  60.22  -54.8467  8.8
-11302.4  69.48  -55.8289  8.9
-11146.6  73.82  -32.8575  9
-10984.1  65.5  -63.7648  9.1
-10848.8  104.08  -35.9045  9.2
-10782.4  92.08  -29.198  9.3
-10674.6  101.66  -31.5145  9.4
-10537.8  105.92  -58.4633  9.5
-10429.1  67.24  -29.0883  9.6
-10291.5  99.08  -28.73  9.7
-10204.1  79.24  -32.3039  9.8
-10082.8  78.26  -16.7995  9.9
-10015.2  53.28  -23.7637  10
