-128150  64116.6  -0.19987  1
-127944  64063.4  -0.199715  1.1
-127624  63978.5  -0.199479  1.2
-127105  63838  -0.199105  1.3
-126350  63630.2  -0.198569  1.4
-125327  63337.6  -0.197871  1.5
-123906  62917.1  -0.196936  1.6
-122010  62322.9  -0.19577  1.7
-119714  61552.9  -0.19449  1.8
-116732  60519.1  -0.192884  1.9
-112961  59031.6  -0.191356  2
-108595  57197.1  -0.18986  2.1
-103214  54565.1  -0.189161  2.2
-96952.6  51142.6  -0.189583  2.3
-89875.3  46596.2  -0.192947  2.4
-81832.2  40305.1  -0.203256  2.5
-74082.6  32731.8  -0.227052  2.6
-66875.1  24534.9  -0.274355  2.7
-60945.3  16340.6  -0.379377  2.8
-56409.4  9540  -0.605465  2.9
-53265.8  4725.34  -1.19275  3
-50559.6  1861.84  -2.9531  3.1
-48163.6  762.96  -6.69702  3.2
-46065.2  351.1  -27.0339  3.3
-44103.9  113.48  -92.4322  3.4
-42622.6  94.16  -90.8184  3.5
-40898.3  208.14  -48.1924  3.6
-39609.5  373.22  -11.5654  3.7
-38132.1  156.74  -43.059  3.8
-36890.4  118.46  -50.5579  3.9
-35833.1  97.02  -69.7054  4
-34794.7  116.84  -316.975  4.1
-33789.8  79.34  -79.8216  4.2
-32892.6  128.22  -162.533  4.3
-31939.8  87.56  -80.192  4.4
-31048  89.82  -87.129  4.5
-30269  92.66  -60.4753  4.6
-29488.2  136.98  -64.5432  4.7
-28783.2  151.5  -32.0829  4.8
-28161.4  82.98  -114.749  4.9
-27544.3  87.64  -83.6114  5
-26905  117.78  -28.2279  5.1
-26347  77.46  -79.6357  5.2
-25776.6  100.24  -83.278  5.3
-25109.3  200.78  -15.708  5.4
-24780.2  164  -37.397  5.5
-24117.8  132.66  -139.097  5.6
-23740.1  98.8  -87.5639  5.7
-23319.8  46.26  -269.727  5.8
-22831.3  127.76  -37.9386  5.9
-22409  100.16  -37.6228  6
-21991.4  64.76  -128.636  6.1
-21582.9  32.16  -183.298  6.2
-21206.9  86.94  -50.4477  6.3
-20938.7  155.18  -32.8515  6.4
-20593  124.08  -21.3434  6.5
-20239.1  156.82  -129.049  6.6
-19861.8  77.74  -126.485  6.7
-19628.2  62.6  -98.4307  6.8
-19209  75.34  -45.5403  6.9
-18956  121.3  -21.5447  7
-18711.4  82.76  -43.5563  7.1
-18432.1  124.66  -131.991  7.2
-18166.3  189.54  -10.9674  7.3
-17883.3  49.86  -58.0807  7.4
-17611  82.2  -40.8109  7.5
-17428.3  138.08  -25.847  7.6
-17142.1  111.66  -66.1885  7.7
-16950.2  88.32  -41.6622  7.8
-16674.8  104.88  -40.9906  7.9
-16505.8  98.58  -30.5046  8
-16217.4  67.62  -130.451  8.1
-16014.2  76.44  -31.259  8.2
-15736.7  74.86  -79.1795  8.3
-15582.1  112.98  -19.6596  8.4
-15446.8  98.56  -20.173  8.5
-15298.2  71.16  -38.8046  8.6
-15119.2  39.9  -52.1152  8.7
-14955.7  73.66  -542.852  8.8
-14699.9  87.02  -114.35  8.9
-14565.1  118.56  -32.8435  9
-14413  64.66  -59.9144  9.1
-14240.2  44.86  -148.253  9.2
-14047.8  88.74  -21.7974  9.3
-13959.6  113.84  -37.6998  9.4
-13814.8  103.94  -35.8743  9.5
-13587.8  118.78  -68.5874  9.6
-13482.8  76.1  -49.5545  9.7
-13309.9  56.24  -31.8127  9.8
-13209.9  108.66  -19.8865  9.9
-13044  57.56  -145.565  10
