-162148  81126.1  -0.199872  1
-161896  81060.6  -0.199722  1.1
-161472  80948.4  -0.199475  1.2
-160799  80768  -0.199088  1.3
-159857  80505.9  -0.198565  1.4
-158539  80129.4  -0.197854  1.5
-156782  79609.9  -0.196938  1.6
-154407  78867.8  -0.195779  1.7
-151452  77875.6  -0.194479  1.8
-147767  76591.3  -0.192928  1.9
-143101  74784.8  -0.191349  2
-137419  72334.6  -0.189976  2.1
-130462  68983.8  -0.189123  2.2
-122638  64674.5  -0.189634  2.3
-113815  59039.6  -0.19284  2.4
-103790  51315  -0.202468  2.5
-93822.6  42043.9  -0.223746  2.6
-84731.4  31355.8  -0.272236  2.7
-77410.1  20999.1  -0.373609  2.8
-71407.8  12323.8  -0.595955  2.9
-67121.7  6202.66  -1.13267  3
-63656.8  2699.5  -2.46779  3.1
-60826  951.48  -7.1279  3.2
-58148.4  152.04  -50.3678  3.3
-55728.2  159.24  -87.4287  3.4
-53756.2  254.48  -30.2119  3.5
-51844.1  204.2  -38.3227  3.6
-50031.3  124.16  -381.869  3.7
-48303.5  153.68  -721.369  3.8
-46910.9  72.42  -211.196  3.9
-45276.4  77.24  -230.156  4
-43947.2  85.9  -355.321  4.1
-42811.7  154.72  -43.7029  4.2
-41549.4  224.82  -27.9131  4.3
-40452.7  135.76  -243.65  4.4
-39240  60.32  -96.8858  4.5
-38314.2  123.68  -133.973  4.6
-37396.4  181.56  -144.589  4.7
-36475  124.8  -123.94  4.8
-35530.4  90.82  -144.28  4.9
-34839.1  136.84  -129.765  5
-33962.2  82.82  -127.925  5.1
-33210.3  81.86  -78.9912  5.2
-32497.6  93.78  -85.4641  5.3
-31859.5  92.28  -75.3918  5.4
-31253.2  82.1  -146.799  5.5
-30652.8  93.42  -103.257  5.6
-29952.8  122.34  -45.476  5.7
-29515.1  75.74  -85.1338  5.8
-28937.7  140.48  -22.556  5.9
-28414.7  138.62  -78.1007  6
-27854  51.12  -98.1586  6.1
-27426.1  86.06  -64.2541  6.2
-26907  101.6  -90.392  6.3
-26376.3  41.22  -272.623  6.4
-25973.8  79.74  -90.2821  6.5
-25560.1  143.62  -20.2543  6.6
-25113.2  87.32  -64.7769  6.7
-24808.5  115.76  -162.064  6.8
-24367  88.16  -34.553  6.9
-24056  87.04  -139.984  7
-23605.8  115.94  -48.2271  7.1
-23336.9  77.08  -49.1247  7.2
-22912.2  118.08  -38.2673  7.3
-22580.9  66.56  -218.636  7.4
-22336  75.46  -39.5021  7.5
-21957.1  97.46  -50.3919  7.6
-21661  56.18  -69.9089  7.7
-21467.3  90.8  -490.412  7.8
-21180.2  73.68  -741.212  7.9
-20815.3  79.66  -37.7719  8
-20605.8  70.9  -43.8293  8.1
-20323.9  201.92  -37.3646  8.2
-20066  61.9  -76.4544  8.3
-19831.7  105.72  -40.2681  8.4
-19598.9  68.68  -78.1819  8.5
-19391.6  124.06  -33.0881  8.6
-19096.5  117.42  -19.9438  8.7
-18937.3  101.32  -117.71  8.8
-18670.6  99.54  -673.423  8.9
-18416.7  94.24  -56.5636  9
-18149.6  53.14  -125.675  9.1
-18012.6  120.32  -27.9634  9.2
-17811.8  118  -45.6864  9.3
-17692.7  67.32  -41.6692  9.4
-17473.9  90.3  -26.3482  9.5
-17233  72.1  -54.8604  9.6
-17108.9  70.16  -164.172  9.7
-16839  90.5  -23.9137  9.8
-16692.5  75.54  -78.6578  9.9
-16434.7  102.94  -19.2873  10
