0.000000  0.000000  0.000000  1.000000
0.010000  0.000000  0.000000  1.636000
0.020000  0.000000  0.000000  1.906000
0.030000  0.000000  0.000000  2.031000
0.040000  0.000000  0.000000  2.156000
0.050000  0.000000  0.000000  2.239000
0.060000  0.000000  0.000000  2.374000
0.070000  0.000000  0.000000  2.517000
0.080000  0.000000  0.000000  2.627000
0.090000  0.000000  0.000000  2.791000
0.100000  0.000000  0.000000  2.931000
0.110000  0.000000  0.000000  3.061000
0.120000  0.000000  0.000000  3.266000
0.130000  0.000000  0.000000  3.413000
0.140000  0.000000  0.000000  3.624000
0.150000  0.000000  0.000000  3.813000
0.160000  0.000000  0.000000  3.971000
0.170000  0.000000  0.000000  4.144000
0.180000  0.000000  0.000000  4.394000
0.190000  0.000000  0.000000  4.645000
0.200000  0.000000  0.000000  4.714000
0.210000  0.000000  0.000000  5.063000
0.220000  0.000000  0.000000  5.207000
0.230000  0.000000  0.000000  5.436000
0.240000  0.000000  0.000000  5.674000
0.250000  0.000000  0.000000  6.024000
0.260000  0.000000  0.000000  6.342000
0.270000  0.000000  0.000000  6.540000
0.280000  0.000000  0.000000  6.965000
0.290000  0.000000  0.000000  7.176000
0.300000  0.000000  0.000000  7.848000
0.310000  0.000000  0.000000  8.108000
0.320000  0.000000  0.000000  8.331000
0.330000  0.000000  0.000000  8.957000
0.340000  0.000000  0.000000  9.411000
0.350000  0.000000  0.000000  9.951000
0.360000  0.000000  0.000000  10.515000
0.370000  0.000000  0.000000  11.051000
0.380000  0.000000  0.000000  11.818000
0.390000  0.000000  0.000000  12.527000
0.400000  0.000000  0.000000  13.355000
0.410000  0.000000  0.000000  14.481000
0.420000  0.000000  0.000000  15.447000
0.430000  0.000000  0.000000  16.945000
0.440000  0.000000  0.000000  17.813000
0.450000  0.000000  0.000000  19.377000
0.460000  0.000000  0.000000  21.491000
0.470000  0.000000  0.000000  23.347000
0.480000  0.000000  0.000000  25.478000
0.490000  0.000000  0.000000  27.943000
0.500000  0.000000  0.000000  31.896000
0.510000  0.000000  0.000000  35.641000
0.520000  0.000000  0.000000  40.721000
0.530000  0.000000  0.000000  48.009000
0.540000  0.002000  0.324000  55.405000
0.550000  0.004000  0.684000  65.068000
0.560000  0.031000  5.596000  83.750000
0.570000  0.084000  15.099000  104.714000
0.580000  0.241000  42.852000  135.401000
0.590000  0.456000  80.225000  166.729000
0.600000  0.673000  113.295000  194.798000
0.610000  0.849000  134.646000  203.510000
0.620000  0.947000  143.185000  203.852000
0.630000  0.989000  142.543000  193.322000
0.640000  0.993000  138.342000  183.462000
0.650000  0.999000  135.046000  172.795000
0.660000  1.000000  131.699000  165.263000
0.670000  1.000000  128.987000  159.134000
0.680000  1.000000  126.534000  153.643000
0.690000  1.000000  124.292000  148.655000
0.700000  1.000000  122.681000  144.972000
0.710000  1.000000  121.020000  141.303000
0.720000  1.000000  119.354000  138.255000
0.730000  1.000000  117.896000  135.755000
0.740000  1.000000  116.401000  133.046000
0.750000  1.000000  115.335000  130.894000
0.760000  1.000000  114.047000  128.748000
0.770000  1.000000  112.920000  126.848000
0.780000  1.000000  111.971000  125.212000
0.790000  1.000000  111.023000  123.596000
0.800000  1.000000  110.147000  121.960000
0.810000  1.000000  109.189000  120.506000
0.820000  1.000000  108.354000  119.141000
0.830000  1.000000  107.624000  117.959000
0.840000  1.000000  106.894000  116.784000
0.850000  1.000000  106.050000  115.576000
0.860000  1.000000  105.431000  114.552000
0.870000  1.000000  104.711000  113.399000
0.880000  1.000000  104.143000  112.431000
0.890000  1.000000  103.536000  111.425000
0.900000  1.000000  102.939000  110.491000
0.910000  1.000000  102.413000  109.571000
0.920000  1.000000  101.885000  108.688000
0.930000  1.000000  101.390000  107.804000
0.940000  1.000000  100.951000  106.997000
0.950000  1.000000  100.568000  106.185000
0.960000  1.000000  100.160000  105.301000
0.970000  1.000000  100.005000  104.409000
0.980000  1.000000  100.000000  103.499000
0.990000  1.000000  100.000000  102.441000
