0.000000  0.000000  0.000000  1.000000
0.010000  0.000000  0.000000  1.307000
0.020000  0.000000  0.000000  1.569000
0.030000  0.000000  0.000000  1.742000
0.040000  0.000000  0.000000  1.862000
0.050000  0.000000  0.000000  1.945000
0.060000  0.000000  0.000000  2.087000
0.070000  0.000000  0.000000  2.154000
0.080000  0.000000  0.000000  2.259000
0.090000  0.000000  0.000000  2.378000
0.100000  0.000000  0.000000  2.412000
0.110000  0.000000  0.000000  2.554000
0.120000  0.000000  0.000000  2.621000
0.130000  0.000000  0.000000  2.766000
0.140000  0.000000  0.000000  2.936000
0.150000  0.000000  0.000000  3.070000
0.160000  0.000000  0.000000  3.170000
0.170000  0.000000  0.000000  3.272000
0.180000  0.000000  0.000000  3.414000
0.190000  0.000000  0.000000  3.581000
0.200000  0.000000  0.000000  3.675000
0.210000  0.000000  0.000000  3.925000
0.220000  0.000000  0.000000  4.062000
0.230000  0.000000  0.000000  4.343000
0.240000  0.000000  0.000000  4.448000
0.250000  0.000000  0.000000  4.624000
0.260000  0.000000  0.000000  4.922000
0.270000  0.000000  0.000000  5.152000
0.280000  0.000000  0.000000  5.391000
0.290000  0.000000  0.000000  5.610000
0.300000  0.000000  0.000000  5.864000
0.310000  0.000000  0.000000  6.219000
0.320000  0.000000  0.000000  6.217000
0.330000  0.000000  0.000000  6.748000
0.340000  0.000000  0.000000  7.187000
0.350000  0.000000  0.000000  7.576000
0.360000  0.000000  0.000000  7.971000
0.370000  0.000000  0.000000  8.403000
0.380000  0.000000  0.000000  8.994000
0.390000  0.000000  0.000000  9.319000
0.400000  0.000000  0.000000  9.919000
0.410000  0.000000  0.000000  10.394000
0.420000  0.000000  0.000000  10.937000
0.430000  0.000000  0.000000  11.982000
0.440000  0.000000  0.000000  12.716000
0.450000  0.000000  0.000000  13.639000
0.460000  0.000000  0.000000  14.956000
0.470000  0.000000  0.000000  16.646000
0.480000  0.002000  0.118000  17.446000
0.490000  0.003000  0.181000  19.193000
0.500000  0.007000  0.460000  21.518000
0.510000  0.005000  0.318000  23.570000
0.520000  0.015000  0.991000  26.132000
0.530000  0.032000  1.997000  29.300000
0.540000  0.062000  4.071000  33.875000
0.550000  0.125000  7.771000  38.482000
0.560000  0.171000  11.003000  43.832000
0.570000  0.280000  17.541000  49.381000
0.580000  0.373000  22.903000  54.543000
0.590000  0.470000  28.564000  59.498000
0.600000  0.612000  36.525000  64.890000
0.610000  0.713000  41.425000  69.101000
0.620000  0.841000  47.832000  72.232000
0.630000  0.887000  49.067000  72.526000
0.640000  0.927000  50.210000  71.656000
0.650000  0.975000  51.184000  71.297000
0.660000  0.979000  50.309000  69.527000
0.670000  0.988000  49.720000  66.754000
0.680000  0.998000  49.362000  65.764000
0.690000  0.999000  48.612000  63.446000
0.700000  1.000000  48.021000  62.014000
0.710000  1.000000  47.207000  60.503000
0.720000  1.000000  46.639000  58.989000
0.730000  1.000000  46.113000  57.638000
0.740000  1.000000  45.568000  56.381000
0.750000  1.000000  45.031000  55.170000
0.760000  1.000000  44.662000  54.465000
0.770000  1.000000  44.176000  53.364000
0.780000  1.000000  43.786000  52.490000
0.790000  1.000000  43.414000  51.763000
0.800000  1.000000  43.135000  51.018000
0.810000  1.000000  42.803000  50.347000
0.820000  1.000000  42.548000  49.803000
0.830000  1.000000  42.198000  49.113000
0.840000  1.000000  41.912000  48.506000
0.850000  1.000000  41.653000  47.916000
0.860000  1.000000  41.422000  47.414000
0.870000  1.000000  41.153000  46.968000
0.880000  1.000000  40.993000  46.395000
0.890000  1.000000  40.731000  45.976000
0.900000  1.000000  40.529000  45.476000
0.910000  1.000000  40.369000  45.078000
0.920000  1.000000  40.196000  44.641000
0.930000  1.000000  40.089000  44.175000
0.940000  1.000000  40.019000  43.798000
0.950000  1.000000  40.008000  43.334000
0.960000  1.000000  40.001000  42.958000
0.970000  1.000000  40.000000  42.479000
0.980000  1.000000  40.000000  42.087000
0.990000  1.000000  40.000000  41.459000
