0.000000  0.000000  0.000000  1.000000
0.010000  0.000000  0.000000  1.539000
0.020000  0.000000  0.000000  1.849000
0.030000  0.000000  0.000000  1.972000
0.040000  0.000000  0.000000  2.081000
0.050000  0.000000  0.000000  2.217000
0.060000  0.000000  0.000000  2.275000
0.070000  0.000000  0.000000  2.417000
0.080000  0.000000  0.000000  2.567000
0.090000  0.000000  0.000000  2.619000
0.100000  0.000000  0.000000  2.783000
0.110000  0.000000  0.000000  2.929000
0.120000  0.000000  0.000000  3.087000
0.130000  0.000000  0.000000  3.302000
0.140000  0.000000  0.000000  3.418000
0.150000  0.000000  0.000000  3.619000
0.160000  0.000000  0.000000  3.720000
0.170000  0.000000  0.000000  3.862000
0.180000  0.000000  0.000000  4.122000
0.190000  0.000000  0.000000  4.376000
0.200000  0.000000  0.000000  4.502000
0.210000  0.000000  0.000000  4.727000
0.220000  0.000000  0.000000  4.928000
0.230000  0.000000  0.000000  5.245000
0.240000  0.000000  0.000000  5.524000
0.250000  0.000000  0.000000  5.634000
0.260000  0.000000  0.000000  5.972000
0.270000  0.000000  0.000000  6.219000
0.280000  0.000000  0.000000  6.505000
0.290000  0.000000  0.000000  6.994000
0.300000  0.000000  0.000000  7.182000
0.310000  0.000000  0.000000  7.375000
0.320000  0.000000  0.000000  7.840000
0.330000  0.000000  0.000000  8.448000
0.340000  0.000000  0.000000  8.637000
0.350000  0.000000  0.000000  9.368000
0.360000  0.000000  0.000000  9.898000
0.370000  0.000000  0.000000  10.512000
0.380000  0.000000  0.000000  11.241000
0.390000  0.000000  0.000000  11.670000
0.400000  0.000000  0.000000  12.334000
0.410000  0.000000  0.000000  13.593000
0.420000  0.000000  0.000000  14.645000
0.430000  0.000000  0.000000  15.527000
0.440000  0.000000  0.000000  16.944000
0.450000  0.000000  0.000000  17.841000
0.460000  0.000000  0.000000  19.334000
0.470000  0.000000  0.000000  21.299000
0.480000  0.000000  0.000000  23.717000
0.490000  0.000000  0.000000  26.209000
0.500000  0.000000  0.000000  28.408000
0.510000  0.000000  0.000000  32.865000
0.520000  0.000000  0.000000  37.039000
0.530000  0.003000  0.398000  43.616000
0.540000  0.005000  0.763000  49.199000
0.550000  0.009000  1.148000  58.393000
0.560000  0.046000  6.442000  71.388000
0.570000  0.150000  20.905000  91.086000
0.580000  0.258000  35.884000  106.708000
0.590000  0.466000  63.081000  131.434000
0.600000  0.667000  87.365000  148.875000
0.610000  0.822000  101.853000  158.016000
0.620000  0.899000  107.213000  158.275000
0.630000  0.975000  112.042000  155.779000
0.640000  0.991000  110.161000  148.757000
0.650000  0.998000  107.483000  141.149000
0.660000  1.000000  104.850000  135.163000
0.670000  1.000000  102.784000  129.601000
0.680000  1.000000  100.773000  125.225000
0.690000  1.000000  99.197000  121.114000
0.700000  1.000000  97.485000  117.919000
0.710000  1.000000  96.255000  114.946000
0.720000  1.000000  95.001000  112.298000
0.730000  1.000000  93.825000  109.765000
0.740000  1.000000  92.832000  107.911000
0.750000  1.000000  91.676000  105.701000
0.760000  1.000000  90.909000  104.073000
0.770000  1.000000  90.014000  102.574000
0.780000  1.000000  89.166000  101.023000
0.790000  1.000000  88.366000  99.742000
0.800000  1.000000  87.686000  98.528000
0.810000  1.000000  87.051000  97.329000
0.820000  1.000000  86.362000  96.148000
0.830000  1.000000  85.743000  95.142000
0.840000  1.000000  85.126000  94.123000
0.850000  1.000000  84.596000  93.154000
0.860000  1.000000  84.017000  92.310000
0.870000  1.000000  83.523000  91.314000
0.880000  1.000000  83.012000  90.449000
0.890000  1.000000  82.561000  89.687000
0.900000  1.000000  82.088000  89.010000
0.910000  1.000000  81.673000  88.188000
0.920000  1.000000  81.268000  87.456000
0.930000  1.000000  80.900000  86.741000
0.940000  1.000000  80.594000  86.022000
0.950000  1.000000  80.273000  85.320000
0.960000  1.000000  80.032000  84.565000
0.970000  1.000000  80.001000  83.870000
0.980000  1.000000  80.000000  83.089000
0.990000  1.000000  80.000000  82.172000
