0.000000  0.000000  0.000000  1.000000
0.010000  0.000000  0.000000  1.440000
0.020000  0.000000  0.000000  1.707000
0.030000  0.000000  0.000000  1.910000
0.040000  0.000000  0.000000  2.012000
0.050000  0.000000  0.000000  2.109000
0.060000  0.000000  0.000000  2.190000
0.070000  0.000000  0.000000  2.254000
0.080000  0.000000  0.000000  2.412000
0.090000  0.000000  0.000000  2.502000
0.100000  0.000000  0.000000  2.643000
0.110000  0.000000  0.000000  2.798000
0.120000  0.000000  0.000000  2.894000
0.130000  0.000000  0.000000  3.048000
0.140000  0.000000  0.000000  3.195000
0.150000  0.000000  0.000000  3.394000
0.160000  0.000000  0.000000  3.511000
0.170000  0.000000  0.000000  3.632000
0.180000  0.000000  0.000000  3.789000
0.190000  0.000000  0.000000  4.010000
0.200000  0.000000  0.000000  4.119000
0.210000  0.000000  0.000000  4.381000
0.220000  0.000000  0.000000  4.517000
0.230000  0.000000  0.000000  4.861000
0.240000  0.000000  0.000000  5.052000
0.250000  0.000000  0.000000  5.363000
0.260000  0.000000  0.000000  5.512000
0.270000  0.000000  0.000000  5.709000
0.280000  0.000000  0.000000  5.930000
0.290000  0.000000  0.000000  6.412000
0.300000  0.000000  0.000000  6.704000
0.310000  0.000000  0.000000  7.085000
0.320000  0.000000  0.000000  7.164000
0.330000  0.000000  0.000000  7.704000
0.340000  0.000000  0.000000  8.181000
0.350000  0.000000  0.000000  8.781000
0.360000  0.000000  0.000000  9.168000
0.370000  0.000000  0.000000  9.626000
0.380000  0.000000  0.000000  10.154000
0.390000  0.000000  0.000000  10.571000
0.400000  0.000000  0.000000  11.491000
0.410000  0.000000  0.000000  12.189000
0.420000  0.000000  0.000000  13.166000
0.430000  0.000000  0.000000  14.041000
0.440000  0.000000  0.000000  14.793000
0.450000  0.000000  0.000000  16.223000
0.460000  0.000000  0.000000  17.573000
0.470000  0.000000  0.000000  19.204000
0.480000  0.000000  0.000000  20.777000
0.490000  0.000000  0.000000  23.145000
0.500000  0.000000  0.000000  25.438000
0.510000  0.001000  0.095000  29.650000
0.520000  0.002000  0.227000  32.111000
0.530000  0.007000  0.719000  36.099000
0.540000  0.022000  2.366000  42.950000
0.550000  0.052000  5.387000  50.355000
0.560000  0.109000  11.212000  61.731000
0.570000  0.198000  19.925000  71.628000
0.580000  0.312000  30.603000  82.991000
0.590000  0.456000  43.932000  94.025000
0.600000  0.639000  60.449000  104.841000
0.610000  0.776000  70.608000  112.251000
0.620000  0.877000  77.770000  114.956000
0.630000  0.928000  79.431000  113.840000
0.640000  0.979000  80.234000  110.488000
0.650000  0.993000  79.582000  108.346000
0.660000  0.997000  77.969000  102.907000
0.670000  0.998000  76.421000  99.714000
0.680000  1.000000  74.775000  95.746000
0.690000  1.000000  73.789000  92.766000
0.700000  1.000000  72.726000  90.059000
0.710000  1.000000  71.706000  87.734000
0.720000  1.000000  70.668000  85.854000
0.730000  1.000000  69.835000  83.640000
0.740000  1.000000  69.091000  82.392000
0.750000  1.000000  68.328000  80.967000
0.760000  1.000000  67.655000  79.531000
0.770000  1.000000  67.104000  78.180000
0.780000  1.000000  66.475000  77.090000
0.790000  1.000000  65.887000  75.944000
0.800000  1.000000  65.384000  74.997000
0.810000  1.000000  64.847000  74.092000
0.820000  1.000000  64.351000  72.967000
0.830000  1.000000  63.931000  72.269000
0.840000  1.000000  63.487000  71.392000
0.850000  1.000000  63.125000  70.617000
0.860000  1.000000  62.679000  69.902000
0.870000  1.000000  62.332000  69.205000
0.880000  1.000000  61.911000  68.630000
0.890000  1.000000  61.599000  67.917000
0.900000  1.000000  61.280000  67.228000
0.910000  1.000000  60.931000  66.683000
0.920000  1.000000  60.687000  66.070000
0.930000  1.000000  60.419000  65.533000
0.940000  1.000000  60.212000  64.978000
0.950000  1.000000  60.060000  64.387000
0.960000  1.000000  60.004000  63.831000
0.970000  1.000000  60.000000  63.219000
0.980000  1.000000  60.000000  62.549000
0.990000  1.000000  60.000000  61.932000
