0.000000000000000  0.000000000000000  0.000000000000000  1.000000000000000
0.010000000000000  0.000000000000000  0.000000000000000  1.096000000000000
0.020000000000000  0.000000000000000  0.000000000000000  1.188000000000000
0.030000000000000  0.000000000000000  0.000000000000000  1.279000000000000
0.040000000000000  0.000000000000000  0.000000000000000  1.347000000000000
0.050000000000000  0.000000000000000  0.000000000000000  1.426000000000000
0.060000000000000  0.000000000000000  0.000000000000000  1.480000000000000
0.070000000000000  0.000000000000000  0.000000000000000  1.578000000000000
0.080000000000000  0.000000000000000  0.000000000000000  1.668000000000000
0.090000000000000  0.000000000000000  0.000000000000000  1.695000000000000
0.100000000000000  0.000000000000000  0.000000000000000  1.773000000000000
0.110000000000000  0.000000000000000  0.000000000000000  1.868000000000000
0.120000000000000  0.000000000000000  0.000000000000000  1.895000000000000
0.130000000000000  0.000000000000000  0.000000000000000  1.943000000000000
0.140000000000000  0.000000000000000  0.000000000000000  2.068000000000000
0.150000000000000  0.000000000000000  0.000000000000000  2.088000000000000
0.160000000000000  0.000000000000000  0.000000000000000  2.148000000000000
0.170000000000000  0.000000000000000  0.000000000000000  2.261000000000000
0.180000000000000  0.000000000000000  0.000000000000000  2.367000000000000
0.190000000000000  0.000000000000000  0.000000000000000  2.390000000000000
0.200000000000000  0.000000000000000  0.000000000000000  2.529000000000000
0.210000000000000  0.000000000000000  0.000000000000000  2.597000000000000
0.220000000000000  0.000000000000000  0.000000000000000  2.700000000000000
0.230000000000000  0.000000000000000  0.000000000000000  2.693000000000000
0.240000000000000  0.000000000000000  0.000000000000000  2.813000000000000
0.250000000000000  0.001000000000000  0.013000000000000  2.911000000000000
0.260000000000000  0.001000000000000  0.000000000000000  3.030000000000000
0.270000000000000  0.003000000000000  0.025000000000000  3.052000000000000
0.280000000000000  0.005000000000000  0.024000000000000  3.297000000000000
0.290000000000000  0.008000000000000  0.036000000000000  3.411000000000000
0.300000000000000  0.012000000000000  0.052000000000000  3.502000000000000
0.310000000000000  0.017000000000000  0.065000000000000  3.806000000000000
0.320000000000000  0.025000000000000  0.103000000000000  3.888000000000000
0.330000000000000  0.030000000000000  0.070000000000000  4.019000000000000
0.340000000000000  0.035000000000000  0.069000000000000  4.153000000000000
0.350000000000000  0.044000000000000  0.111000000000000  4.253000000000000
0.360000000000000  0.058000000000000  0.170000000000000  4.555000000000000
0.370000000000000  0.067000000000000  0.117000000000000  4.722000000000000
0.380000000000000  0.096000000000000  0.354000000000000  4.791000000000000
0.390000000000000  0.119000000000000  0.283000000000000  5.155000000000000
0.400000000000000  0.158000000000000  0.497000000000000  5.274000000000000
0.410000000000000  0.199000000000000  0.518000000000000  5.688000000000000
0.420000000000000  0.253000000000000  0.668000000000000  5.796000000000000
0.430000000000000  0.329000000000000  0.989000000000000  6.441000000000000
0.440000000000000  0.404000000000000  0.963000000000000  6.347000000000000
0.450000000000000  0.489000000000000  1.066000000000000  6.832000000000000
0.460000000000000  0.598000000000000  1.373000000000000  6.954000000000000
0.470000000000000  0.738000000000000  1.731000000000000  7.564000000000000
0.480000000000000  0.896000000000000  1.998000000000000  7.901000000000000
0.490000000000000  1.083000000000000  2.317000000000000  8.252000000000001
0.500000000000000  1.282000000000000  2.479000000000000  8.323000000000000
0.510000000000000  1.526000000000000  3.042000000000000  8.898000000000000
0.520000000000000  1.782000000000000  3.216000000000000  9.414000000000000
0.530000000000000  2.109000000000000  4.057000000000000  9.994000000000000
0.540000000000000  2.467000000000000  4.443000000000000  10.339000000000000
0.550000000000000  2.874000000000000  5.051000000000000  10.913000000000000
0.560000000000000  3.295000000000000  5.199000000000000  11.042000000000000
0.570000000000000  3.758000000000000  5.653000000000000  11.377000000000001
0.580000000000000  4.289000000000000  6.502000000000000  11.997000000000000
0.590000000000000  4.855000000000000  6.790000000000000  12.193000000000000
0.600000000000000  5.465000000000000  7.322000000000000  12.580000000000000
0.610000000000000  6.099000000000000  7.465000000000000  12.711000000000000
0.620000000000000  6.798000000000000  8.223000000000001  13.375000000000000
0.630000000000000  7.544000000000000  8.747000000000000  13.670999999999999
0.640000000000000  8.311999999999999  8.916000000000000  13.861000000000001
0.650000000000000  9.109000000000000  9.221000000000000  14.028000000000000
0.660000000000000  9.951000000000001  9.622999999999999  14.369999999999999
0.670000000000000  10.815000000000000  9.824000000000000  14.449999999999999
0.680000000000000  11.696999999999999  9.959000000000000  14.561999999999999
0.690000000000000  12.592000000000001  10.009000000000000  14.619999999999999
0.700000000000000  13.516999999999999  10.227000000000000  14.619000000000000
0.710000000000000  14.454000000000001  10.279999999999999  14.606000000000000
0.720000000000000  15.417999999999999  10.420999999999999  14.586000000000000
0.730000000000000  16.381000000000000  10.397000000000000  14.510999999999999
0.740000000000000  17.353000000000002  10.420000000000000  14.448000000000000
0.750000000000000  18.332000000000001  10.361000000000001  14.199000000000000
0.760000000000000  19.311000000000000  10.348000000000001  14.077999999999999
0.770000000000000  20.300999999999998  10.367000000000001  14.045999999999999
0.780000000000000  21.297000000000001  10.375000000000000  13.946999999999999
0.790000000000000  22.289999999999999  10.239000000000001  13.657000000000000
0.800000000000000  23.285000000000000  10.249000000000001  13.597000000000000
0.810000000000000  24.283000000000001  10.202000000000000  13.358000000000001
0.820000000000000  25.282000000000000  10.167000000000000  13.151999999999999
0.830000000000000  26.279000000000000  10.114000000000001  13.000000000000000
0.840000000000000  27.277999999999999  10.102000000000000  12.850000000000000
0.850000000000000  28.277999999999999  10.065000000000000  12.676000000000000
0.860000000000000  29.277999999999999  10.047000000000001  12.592000000000001
0.870000000000000  30.277999999999999  10.038000000000000  12.459000000000000
0.880000000000000  31.277999999999999  10.035000000000000  12.273000000000000
0.890000000000000  32.277999999999999  10.016000000000000  12.122999999999999
0.900000000000000  33.277999999999999  10.006000000000000  11.951000000000001
0.910000000000000  34.277999999999999  10.002000000000001  11.813000000000001
0.920000000000000  35.277999999999999  10.000999999999999  11.666000000000000
0.930000000000000  36.277999999999999  10.000000000000000  11.568000000000000
0.940000000000000  37.277999999999999  10.000999999999999  11.423000000000000
0.950000000000000  38.277999999999999  10.000000000000000  11.260000000000000
0.960000000000000  39.277999999999999  10.000000000000000  11.137000000000000
0.970000000000000  40.277999999999999  10.000000000000000  10.983000000000001
0.980000000000000  41.277999999999999  10.000000000000000  10.840999999999999
0.990000000000000  42.277999999999999  10.000000000000000  10.541000000000000
