0.000000  0.000000  0.000000  1.000000
0.010000  0.000000  0.000000  1.168000
0.020000  0.000000  0.000000  1.342000
0.030000  0.000000  0.000000  1.507000
0.040000  0.000000  0.000000  1.585000
0.050000  0.000000  0.000000  1.725000
0.060000  0.000000  0.000000  1.806000
0.070000  0.000000  0.000000  1.875000
0.080000  0.000000  0.000000  1.935000
0.090000  0.000000  0.000000  2.051000
0.100000  0.000000  0.000000  2.136000
0.110000  0.000000  0.000000  2.207000
0.120000  0.000000  0.000000  2.316000
0.130000  0.000000  0.000000  2.390000
0.140000  0.000000  0.000000  2.427000
0.150000  0.000000  0.000000  2.567000
0.160000  0.000000  0.000000  2.617000
0.170000  0.000000  0.000000  2.695000
0.180000  0.000000  0.000000  2.771000
0.190000  0.000000  0.000000  2.993000
0.200000  0.000000  0.000000  3.060000
0.210000  0.000000  0.000000  3.162000
0.220000  0.000000  0.000000  3.267000
0.230000  0.000000  0.000000  3.437000
0.240000  0.000000  0.000000  3.588000
0.250000  0.000000  0.000000  3.720000
0.260000  0.000000  0.000000  3.837000
0.270000  0.000000  0.000000  4.070000
0.280000  0.000000  0.000000  4.314000
0.290000  0.000000  0.000000  4.396000
0.300000  0.000000  0.000000  4.768000
0.310000  0.000000  0.000000  4.889000
0.320000  0.000000  0.000000  5.064000
0.330000  0.000000  0.000000  5.159000
0.340000  0.000000  0.000000  5.552000
0.350000  0.000000  0.000000  5.915000
0.360000  0.000000  0.000000  6.189000
0.370000  0.000000  0.000000  6.331000
0.380000  0.000000  0.000000  6.543000
0.390000  0.001000  0.026000  7.275000
0.400000  0.000000  0.000000  7.666000
0.410000  0.002000  0.052000  7.925000
0.420000  0.000000  0.000000  8.338000
0.430000  0.005000  0.141000  8.942000
0.440000  0.009000  0.242000  9.360000
0.450000  0.009000  0.261000  10.473000
0.460000  0.010000  0.277000  10.563000
0.470000  0.021000  0.593000  11.727000
0.480000  0.027000  0.774000  12.012000
0.490000  0.034000  0.970000  13.148000
0.500000  0.068000  1.966000  14.535000
0.510000  0.087000  2.484000  15.601000
0.520000  0.120000  3.424000  16.610000
0.530000  0.167000  4.727000  18.845000
0.540000  0.184000  5.257000  19.413000
0.550000  0.253000  7.182000  20.922000
0.560000  0.293000  8.131000  22.476000
0.570000  0.389000  10.949000  24.558000
0.580000  0.436000  11.811000  25.066000
0.590000  0.506000  13.849000  26.721000
0.600000  0.606000  16.228000  28.828000
0.610000  0.662000  17.620000  29.360000
0.620000  0.708000  18.535000  30.550000
0.630000  0.796000  20.526000  32.137000
0.640000  0.848000  21.604000  32.421000
0.650000  0.883000  22.205000  32.887000
0.660000  0.918000  22.618000  32.756000
0.670000  0.936000  22.660000  32.777000
0.680000  0.947000  22.734000  32.362000
0.690000  0.975000  23.022000  32.160000
0.700000  0.984000  22.913000  31.540000
0.710000  0.988000  22.669000  31.122000
0.720000  0.989000  22.489000  30.625000
0.730000  0.998000  22.431000  30.167000
0.740000  0.998000  22.173000  29.520000
0.750000  1.000000  21.963000  28.882000
0.760000  1.000000  21.782000  28.295000
0.770000  1.000000  21.548000  27.986000
0.780000  1.000000  21.378000  27.370000
0.790000  1.000000  21.229000  26.896000
0.800000  1.000000  21.031000  26.570000
0.810000  1.000000  20.930000  26.133000
0.820000  1.000000  20.760000  25.717000
0.830000  1.000000  20.630000  25.512000
0.840000  1.000000  20.537000  25.127000
0.850000  1.000000  20.382000  24.781000
0.860000  1.000000  20.313000  24.439000
0.870000  1.000000  20.251000  24.185000
0.880000  1.000000  20.143000  23.892000
0.890000  1.000000  20.082000  23.635000
0.900000  1.000000  20.066000  23.421000
0.910000  1.000000  20.023000  23.107000
0.920000  1.000000  20.015000  22.820000
0.930000  1.000000  20.002000  22.600000
0.940000  1.000000  20.001000  22.397000
0.950000  1.000000  20.000000  22.134000
0.960000  1.000000  20.000000  21.922000
0.970000  1.000000  20.000000  21.595000
0.980000  1.000000  20.000000  21.290000
0.990000  1.000000  20.000000  21.022000
