0.000000  0.000000  0.000000  1.000000
0.010000  0.000000  0.000000  1.290000
0.020000  0.000000  0.000000  1.451000
0.030000  0.000000  0.000000  1.629000
0.040000  0.000000  0.000000  1.756000
0.050000  0.000000  0.000000  1.895000
0.060000  0.000000  0.000000  1.949000
0.070000  0.000000  0.000000  2.036000
0.080000  0.000000  0.000000  2.094000
0.090000  0.000000  0.000000  2.203000
0.100000  0.000000  0.000000  2.321000
0.110000  0.000000  0.000000  2.397000
0.120000  0.000000  0.000000  2.532000
0.130000  0.000000  0.000000  2.581000
0.140000  0.000000  0.000000  2.723000
0.150000  0.000000  0.000000  2.743000
0.160000  0.000000  0.000000  2.955000
0.170000  0.000000  0.000000  2.960000
0.180000  0.000000  0.000000  3.118000
0.190000  0.000000  0.000000  3.427000
0.200000  0.000000  0.000000  3.428000
0.210000  0.000000  0.000000  3.568000
0.220000  0.000000  0.000000  3.731000
0.230000  0.000000  0.000000  4.007000
0.240000  0.000000  0.000000  4.004000
0.250000  0.000000  0.000000  4.277000
0.260000  0.000000  0.000000  4.493000
0.270000  0.000000  0.000000  4.586000
0.280000  0.000000  0.000000  4.812000
0.290000  0.000000  0.000000  5.080000
0.300000  0.000000  0.000000  5.340000
0.310000  0.000000  0.000000  5.505000
0.320000  0.000000  0.000000  5.734000
0.330000  0.000000  0.000000  6.215000
0.340000  0.000000  0.000000  6.420000
0.350000  0.000000  0.000000  6.721000
0.360000  0.000000  0.000000  7.092000
0.370000  0.000000  0.000000  7.719000
0.380000  0.000000  0.000000  7.780000
0.390000  0.000000  0.000000  8.192000
0.400000  0.000000  0.000000  8.880000
0.410000  0.000000  0.000000  9.637000
0.420000  0.000000  0.000000  10.116000
0.430000  0.000000  0.000000  10.552000
0.440000  0.001000  0.040000  11.354000
0.450000  0.000000  0.000000  11.801000
0.460000  0.003000  0.121000  13.612000
0.470000  0.002000  0.090000  14.215000
0.480000  0.010000  0.408000  15.104000
0.490000  0.014000  0.631000  17.096000
0.500000  0.016000  0.765000  18.094000
0.510000  0.030000  1.378000  20.440000
0.520000  0.035000  1.580000  22.183000
0.530000  0.090000  4.197000  24.891000
0.540000  0.115000  5.357000  27.469000
0.550000  0.166000  7.389000  30.246000
0.560000  0.225000  10.097000  33.262000
0.570000  0.292000  13.108000  36.175000
0.580000  0.405000  17.806000  39.891000
0.590000  0.472000  20.408000  42.155000
0.600000  0.571000  24.545000  46.004000
0.610000  0.699000  29.582000  48.628000
0.620000  0.746000  30.552000  49.589000
0.630000  0.839000  33.980000  51.748000
0.640000  0.904000  35.945000  52.422000
0.650000  0.940000  36.626000  52.448000
0.660000  0.964000  36.751000  51.785000
0.670000  0.975000  36.422000  50.611000
0.680000  0.993000  36.353000  49.977000
0.690000  0.993000  35.965000  48.645000
0.700000  0.998000  35.483000  47.522000
0.710000  1.000000  35.141000  46.047000
0.720000  1.000000  34.655000  45.474000
0.730000  1.000000  34.169000  44.025000
0.740000  1.000000  33.736000  43.070000
0.750000  1.000000  33.504000  42.267000
0.760000  1.000000  33.144000  41.438000
0.770000  1.000000  32.891000  40.770000
0.780000  1.000000  32.526000  40.103000
0.790000  1.000000  32.323000  39.466000
0.800000  1.000000  32.062000  38.852000
0.810000  1.000000  31.820000  38.340000
0.820000  1.000000  31.589000  37.926000
0.830000  1.000000  31.404000  37.372000
0.840000  1.000000  31.180000  36.850000
0.850000  1.000000  30.991000  36.527000
0.860000  1.000000  30.823000  35.974000
0.870000  1.000000  30.647000  35.468000
0.880000  1.000000  30.473000  35.176000
0.890000  1.000000  30.391000  34.844000
0.900000  1.000000  30.219000  34.494000
0.910000  1.000000  30.138000  34.095000
0.920000  1.000000  30.068000  33.788000
0.930000  1.000000  30.019000  33.463000
0.940000  1.000000  30.007000  33.140000
0.950000  1.000000  30.000000  32.768000
0.960000  1.000000  30.000000  32.412000
0.970000  1.000000  30.000000  32.101000
0.980000  1.000000  30.000000  31.706000
0.990000  1.000000  30.000000  31.239000
