0.000000  0.000000  0.000000  1.000000
0.010000  0.000000  0.000000  1.656000
0.020000  0.000000  0.000000  1.875000
0.030000  0.000000  0.000000  2.011000
0.040000  0.000000  0.000000  2.112000
0.050000  0.000000  0.000000  2.221000
0.060000  0.000000  0.000000  2.325000
0.070000  0.000000  0.000000  2.415000
0.080000  0.000000  0.000000  2.597000
0.090000  0.000000  0.000000  2.708000
0.100000  0.000000  0.000000  2.863000
0.110000  0.000000  0.000000  2.965000
0.120000  0.000000  0.000000  3.188000
0.130000  0.000000  0.000000  3.366000
0.140000  0.000000  0.000000  3.570000
0.150000  0.000000  0.000000  3.682000
0.160000  0.000000  0.000000  3.858000
0.170000  0.000000  0.000000  4.004000
0.180000  0.000000  0.000000  4.242000
0.190000  0.000000  0.000000  4.453000
0.200000  0.000000  0.000000  4.592000
0.210000  0.000000  0.000000  4.905000
0.220000  0.000000  0.000000  5.087000
0.230000  0.000000  0.000000  5.323000
0.240000  0.000000  0.000000  5.613000
0.250000  0.000000  0.000000  5.840000
0.260000  0.000000  0.000000  6.030000
0.270000  0.000000  0.000000  6.347000
0.280000  0.000000  0.000000  6.795000
0.290000  0.000000  0.000000  7.056000
0.300000  0.000000  0.000000  7.272000
0.310000  0.000000  0.000000  7.731000
0.320000  0.000000  0.000000  8.443000
0.330000  0.000000  0.000000  8.704000
0.340000  0.000000  0.000000  9.065000
0.350000  0.000000  0.000000  9.532000
0.360000  0.000000  0.000000  10.397000
0.370000  0.000000  0.000000  10.879000
0.380000  0.000000  0.000000  11.510000
0.390000  0.000000  0.000000  12.214000
0.400000  0.000000  0.000000  13.249000
0.410000  0.000000  0.000000  14.046000
0.420000  0.000000  0.000000  15.131000
0.430000  0.000000  0.000000  15.888000
0.440000  0.000000  0.000000  17.037000
0.450000  0.000000  0.000000  18.635000
0.460000  0.000000  0.000000  20.082000
0.470000  0.000000  0.000000  22.243000
0.480000  0.000000  0.000000  25.013000
0.490000  0.000000  0.000000  27.950000
0.500000  0.000000  0.000000  30.733000
0.510000  0.000000  0.000000  35.310000
0.520000  0.001000  0.151000  38.747000
0.530000  0.001000  0.154000  45.846000
0.540000  0.001000  0.185000  52.688000
0.550000  0.017000  2.778000  64.871000
0.560000  0.039000  6.351000  80.011000
0.570000  0.107000  17.298000  98.166000
0.580000  0.234000  36.975000  119.529000
0.590000  0.458000  70.477000  148.589000
0.600000  0.647000  95.838000  168.656000
0.610000  0.843000  118.933000  180.454000
0.620000  0.932000  126.156000  180.539000
0.630000  0.983000  127.086000  174.319000
0.640000  0.998000  124.887000  166.435000
0.650000  1.000000  121.015000  157.251000
0.660000  1.000000  118.337000  150.739000
0.670000  1.000000  115.658000  143.790000
0.680000  1.000000  113.514000  138.649000
0.690000  1.000000  111.924000  134.814000
0.700000  1.000000  110.101000  131.027000
0.710000  1.000000  108.476000  127.964000
0.720000  1.000000  107.243000  125.259000
0.730000  1.000000  105.958000  122.821000
0.740000  1.000000  104.706000  120.696000
0.750000  1.000000  103.514000  118.429000
0.760000  1.000000  102.487000  116.421000
0.770000  1.000000  101.588000  114.942000
0.780000  1.000000  100.631000  113.246000
0.790000  1.000000  99.789000  111.538000
0.800000  1.000000  98.916000  110.265000
0.810000  1.000000  98.153000  109.009000
0.820000  1.000000  97.430000  107.741000
0.830000  1.000000  96.619000  106.637000
0.840000  1.000000  95.994000  105.568000
0.850000  1.000000  95.353000  104.419000
0.860000  1.000000  94.740000  103.366000
0.870000  1.000000  94.102000  102.472000
0.880000  1.000000  93.595000  101.522000
0.890000  1.000000  92.960000  100.611000
0.900000  1.000000  92.546000  99.794000
0.910000  1.000000  92.069000  98.912000
0.920000  1.000000  91.589000  98.082000
0.930000  1.000000  91.143000  97.304000
0.940000  1.000000  90.736000  96.532000
0.950000  1.000000  90.398000  95.703000
0.960000  1.000000  90.087000  94.951000
0.970000  1.000000  90.002000  94.154000
0.980000  1.000000  90.000000  93.274000
0.990000  1.000000  90.000000  92.277000
