0.000000  0.000000  0.000000  1.000000
0.010000  0.000000  0.000000  1.408000
0.020000  0.000000  0.000000  1.640000
0.030000  0.000000  0.000000  1.835000
0.040000  0.000000  0.000000  1.939000
0.050000  0.000000  0.000000  2.060000
0.060000  0.000000  0.000000  2.168000
0.070000  0.000000  0.000000  2.232000
0.080000  0.000000  0.000000  2.350000
0.090000  0.000000  0.000000  2.431000
0.100000  0.000000  0.000000  2.548000
0.110000  0.000000  0.000000  2.642000
0.120000  0.000000  0.000000  2.778000
0.130000  0.000000  0.000000  2.859000
0.140000  0.000000  0.000000  3.040000
0.150000  0.000000  0.000000  3.170000
0.160000  0.000000  0.000000  3.286000
0.170000  0.000000  0.000000  3.488000
0.180000  0.000000  0.000000  3.652000
0.190000  0.000000  0.000000  3.809000
0.200000  0.000000  0.000000  4.009000
0.210000  0.000000  0.000000  4.157000
0.220000  0.000000  0.000000  4.369000
0.230000  0.000000  0.000000  4.514000
0.240000  0.000000  0.000000  4.810000
0.250000  0.000000  0.000000  4.986000
0.260000  0.000000  0.000000  5.162000
0.270000  0.000000  0.000000  5.505000
0.280000  0.000000  0.000000  5.706000
0.290000  0.000000  0.000000  6.058000
0.300000  0.000000  0.000000  6.352000
0.310000  0.000000  0.000000  6.498000
0.320000  0.000000  0.000000  7.040000
0.330000  0.000000  0.000000  7.380000
0.340000  0.000000  0.000000  7.694000
0.350000  0.000000  0.000000  8.100000
0.360000  0.000000  0.000000  8.524000
0.370000  0.000000  0.000000  9.074000
0.380000  0.000000  0.000000  9.506000
0.390000  0.000000  0.000000  10.243000
0.400000  0.000000  0.000000  10.540000
0.410000  0.000000  0.000000  11.445000
0.420000  0.000000  0.000000  12.125000
0.430000  0.000000  0.000000  13.046000
0.440000  0.000000  0.000000  14.064000
0.450000  0.000000  0.000000  15.366000
0.460000  0.000000  0.000000  16.110000
0.470000  0.000000  0.000000  18.244000
0.480000  0.000000  0.000000  19.240000
0.490000  0.000000  0.000000  21.578000
0.500000  0.001000  0.074000  23.631000
0.510000  0.002000  0.168000  26.453000
0.520000  0.007000  0.618000  28.722000
0.530000  0.012000  1.023000  32.585000
0.540000  0.045000  3.659000  38.876000
0.550000  0.061000  4.900000  44.539000
0.560000  0.122000  10.033000  50.407000
0.570000  0.216000  17.745000  59.980000
0.580000  0.305000  24.444000  66.615000
0.590000  0.495000  38.892000  76.996000
0.600000  0.615000  47.252000  84.424000
0.610000  0.755000  55.955000  89.798000
0.620000  0.842000  61.303000  92.199000
0.630000  0.932000  65.703000  94.797000
0.640000  0.964000  65.916000  92.871000
0.650000  0.976000  65.276000  89.675000
0.660000  0.992000  64.353000  86.942000
0.670000  0.997000  63.320000  84.112000
0.680000  0.999000  62.191000  80.974000
0.690000  1.000000  61.152000  78.548000
0.700000  1.000000  60.380000  76.402000
0.710000  1.000000  59.295000  74.147000
0.720000  1.000000  58.649000  72.139000
0.730000  1.000000  57.956000  70.955000
0.740000  1.000000  57.352000  69.471000
0.750000  1.000000  56.747000  68.024000
0.760000  1.000000  56.180000  66.773000
0.770000  1.000000  55.610000  65.785000
0.780000  1.000000  55.223000  64.795000
0.790000  1.000000  54.654000  63.895000
0.800000  1.000000  54.266000  63.073000
0.810000  1.000000  53.842000  62.163000
0.820000  1.000000  53.362000  61.436000
0.830000  1.000000  53.024000  60.624000
0.840000  1.000000  52.634000  59.888000
0.850000  1.000000  52.305000  59.274000
0.860000  1.000000  52.026000  58.751000
0.870000  1.000000  51.732000  58.095000
0.880000  1.000000  51.440000  57.508000
0.890000  1.000000  51.151000  56.900000
0.900000  1.000000  50.921000  56.343000
0.910000  1.000000  50.659000  55.917000
0.920000  1.000000  50.455000  55.344000
0.930000  1.000000  50.223000  54.903000
0.940000  1.000000  50.097000  54.382000
0.950000  1.000000  50.011000  53.865000
0.960000  1.000000  50.000000  53.387000
0.970000  1.000000  50.000000  52.885000
0.980000  1.000000  50.000000  52.297000
0.990000  1.000000  50.000000  51.710000
