0.000000  0.000000  0.000000  1.000000
0.010000  0.000000  0.000000  1.493000
0.020000  0.000000  0.000000  1.791000
0.030000  0.000000  0.000000  1.937000
0.040000  0.000000  0.000000  2.052000
0.050000  0.000000  0.000000  2.167000
0.060000  0.000000  0.000000  2.253000
0.070000  0.000000  0.000000  2.333000
0.080000  0.000000  0.000000  2.447000
0.090000  0.000000  0.000000  2.605000
0.100000  0.000000  0.000000  2.736000
0.110000  0.000000  0.000000  2.880000
0.120000  0.000000  0.000000  2.921000
0.130000  0.000000  0.000000  3.116000
0.140000  0.000000  0.000000  3.325000
0.150000  0.000000  0.000000  3.490000
0.160000  0.000000  0.000000  3.657000
0.170000  0.000000  0.000000  3.852000
0.180000  0.000000  0.000000  3.978000
0.190000  0.000000  0.000000  4.112000
0.200000  0.000000  0.000000  4.361000
0.210000  0.000000  0.000000  4.520000
0.220000  0.000000  0.000000  4.830000
0.230000  0.000000  0.000000  4.987000
0.240000  0.000000  0.000000  5.241000
0.250000  0.000000  0.000000  5.492000
0.260000  0.000000  0.000000  5.758000
0.270000  0.000000  0.000000  5.990000
0.280000  0.000000  0.000000  6.113000
0.290000  0.000000  0.000000  6.624000
0.300000  0.000000  0.000000  6.929000
0.310000  0.000000  0.000000  7.440000
0.320000  0.000000  0.000000  7.721000
0.330000  0.000000  0.000000  8.020000
0.340000  0.000000  0.000000  8.431000
0.350000  0.000000  0.000000  8.962000
0.360000  0.000000  0.000000  9.336000
0.370000  0.000000  0.000000  10.011000
0.380000  0.000000  0.000000  10.442000
0.390000  0.000000  0.000000  11.348000
0.400000  0.000000  0.000000  12.038000
0.410000  0.000000  0.000000  13.021000
0.420000  0.000000  0.000000  13.850000
0.430000  0.000000  0.000000  14.526000
0.440000  0.000000  0.000000  16.066000
0.450000  0.000000  0.000000  17.357000
0.460000  0.000000  0.000000  18.638000
0.470000  0.000000  0.000000  20.738000
0.480000  0.000000  0.000000  22.156000
0.490000  0.000000  0.000000  24.893000
0.500000  0.000000  0.000000  27.804000
0.510000  0.000000  0.000000  31.525000
0.520000  0.001000  0.103000  35.868000
0.530000  0.003000  0.351000  41.110000
0.540000  0.008000  1.016000  47.611000
0.550000  0.034000  4.128000  56.267000
0.560000  0.075000  9.089000  66.150000
0.570000  0.161000  19.555000  81.124000
0.580000  0.280000  33.148000  95.754000
0.590000  0.434000  50.323000  109.165000
0.600000  0.647000  72.055000  124.744000
0.610000  0.781000  84.847000  134.568000
0.620000  0.884000  91.859000  135.531000
0.630000  0.952000  94.877000  134.413000
0.640000  0.988000  95.616000  130.453000
0.650000  0.997000  93.675000  124.575000
0.660000  0.998000  91.285000  118.775000
0.670000  1.000000  89.711000  114.816000
0.680000  1.000000  87.991000  110.752000
0.690000  1.000000  86.313000  107.635000
0.700000  1.000000  85.046000  103.953000
0.710000  1.000000  83.969000  101.304000
0.720000  1.000000  82.944000  99.238000
0.730000  1.000000  81.946000  96.932000
0.740000  1.000000  80.868000  95.029000
0.750000  1.000000  80.104000  93.353000
0.760000  1.000000  79.339000  91.868000
0.770000  1.000000  78.475000  90.424000
0.780000  1.000000  77.795000  89.119000
0.790000  1.000000  77.158000  87.933000
0.800000  1.000000  76.527000  86.705000
0.810000  1.000000  75.921000  85.766000
0.820000  1.000000  75.381000  84.676000
0.830000  1.000000  74.911000  83.643000
0.840000  1.000000  74.291000  82.723000
0.850000  1.000000  73.854000  81.982000
0.860000  1.000000  73.400000  81.095000
0.870000  1.000000  72.850000  80.302000
0.880000  1.000000  72.458000  79.621000
0.890000  1.000000  72.036000  78.800000
0.900000  1.000000  71.686000  78.120000
0.910000  1.000000  71.315000  77.496000
0.920000  1.000000  70.972000  76.820000
0.930000  1.000000  70.668000  76.103000
0.940000  1.000000  70.370000  75.497000
0.950000  1.000000  70.136000  74.816000
0.960000  1.000000  70.015000  74.225000
0.970000  1.000000  70.000000  73.511000
0.980000  1.000000  70.000000  72.847000
0.990000  1.000000  70.000000  72.052000
