2  1966.46
3  2107.64
4  2059.44
5  1941.24
6  1998.64
7  2011.67
8  2005.59
9  1974.59
10  1980.55
11  1983.68
12  1992.17
13  2000.47
14  1969.67
15  1999.06
16  2008.42
17  2004.13
18  1988.73
19  1994.08
20  1995.7
21  1969.76
22  1975.49
23  1982.53
24  1981.16
25  1986.74
26  1991.31
27  1983.73
28  1988.13
29  1994.45
30  1993.9
31  1998.71
32  1977.68
33  1998.52
34  1982.98
35  1987.08
36  1985.09
37  1997.29
38  1988.2
39  1979.34
40  1973.96
41  1988.13
42  1977.83
43  1985.84
44  1964.59
45  1999.54
46  1986.15
47  1986.71
48  1970.12
49  1973.87
50  1989.65
51  1993.76
52  1981.43
53  1981.02
54  1985.32
55  1988.53
56  1986.53
57  2001.4
58  1999.79
59  1985.32
60  1985.65
61  1988.61
62  1989.19
63  1988.77
64  1990.47
65  1982.57
66  1999.49
67  1995.03
68  1985.24
69  1985.23
70  1988.11
71  1999.46
72  1994.25
73  1983.93
74  1980.34
75  1993.23
76  1992.09
77  1978.96
78  1990.19
79  1980.05
80  1988.34
81  1977.45
82  1983.99
83  1976.06
84  1970.28
85  1979.43
86  1993.77
87  1978.28
88  1988
89  1985.79
90  1984.34
91  1992.5
92  1980.69
93  1991.09
94  1981.24
95  1988.72
96  1977.72
97  1977.51
98  1986.46
99  1992.66
100  1979.22
101  1982.05
102  1993.96
103  1984.46
104  1984.6
105  1985.56
106  1991.93
107  1994.05
108  1976.43
109  1979.53
110  1980.23
111  1991.13
112  1986.35
113  1979.7
114  1984.1
115  1984.66
116  1977.55
117  1990.93
118  1985.21
119  1981.68
120  1983.37
121  1988.61
122  1976.43
123  1983.21
124  1985.44
125  1997.91
126  1985.56
127  1988.33
128  1974.53
129  1990.43
130  1987.61
131  1984.66
132  1987.72
133  1990.24
134  1990.76
135  1976.77
136  1991.08
137  1987.48
138  1986.04
139  1983.19
140  1983
141  1991.28
142  1987.26
143  1988.5
144  1984.85
145  1985.83
146  1992.94
147  1983.1
148  1986.46
149  1992.55
150  1979.11
151  1986.41
152  1984.08
153  1982.17
154  1986
155  1987.68
156  1972.98
157  1979.84
158  1986.53
159  1991.51
160  1986.19
161  1988.15
162  1984.76
163  1984.76
164  1989.32
165  1983.2
166  1982.56
167  1981.8
168  1982.55
169  1982.46
170  1979.39
171  1981.94
172  1981.4
173  1977.03
174  1984.41
175  1977.9
176  1981.24
177  1985.68
178  1985.79
179  1984.02
180  1983.23
181  1982.41
182  1980.79
183  1987.18
184  1984.81
185  1991.66
186  1981.59
187  1981.17
188  1989.04
189  1988.9
190  1991.31
191  1979.17
192  1988.45
193  1987.73
194  1989.74
195  1985.79
196  1986.75
197  1984.84
198  1984.56
199  1980.53
200  1986.95
201  1986.57
202  1990.31
203  1984.18
204  1983.27
205  1982.66
206  1985.13
207  1984.76
208  1986.66
209  1985.76
210  1984.84
211  1988.44
212  1981.01
213  1986.56
214  1983.26
215  1981.67
216  1988.9
217  1991.78
218  1989.72
219  1982.29
220  1983.43
221  1988.17
222  1986.22
223  1980.42
224  1984.68
225  1986.64
226  1983.46
227  1983.79
228  1989.86
229  1982.94
230  1986.19
231  1987.7
232  1990.27
233  1981.63
234  1986.9
235  1987.7
236  1979.83
237  1991.9
238  1987.5
239  1987.83
240  1983.11
241  1988.03
242  1981.19
243  1976.68
244  1983.68
245  1987.35
246  1985.11
247  1984.55
248  1983
249  1986.09
250  1983.57
251  1980.49
252  1981.54
253  1993.27
254  1986.57
255  1991.16
256  1986.69
257  1981.98
258  1985.84
259  1985.82
260  1985.32
261  1980.92
262  1987.07
263  1985.15
264  1984.83
265  1986.36
266  1980.92
267  1980.26
268  1987.19
269  1981.07
270  1986.34
271  1985.47
272  1989.76
273  1981.06
274  1988.34
275  1983.94
276  1984.69
277  1980.8
278  1983.15
279  1984.33
280  1979.53
281  1982.11
282  1987.36
283  1983.09
284  1979.14
285  1985.93
286  1987.42
287  1983.52
288  1983.25
289  1983.04
290  1985.97
291  1990.42
292  1982.68
293  1987.14
294  1982.22
295  1989.89
296  1989.41
297  1986.6
298  1985.71
299  1981.23
300  1990.2
301  1983.35
302  1982.42
303  1984.52
304  1980.81
305  1983.04
306  1984.8
307  1986.64
308  1987.34
309  1983.17
310  1987.1
311  1983.32
312  1984.86
313  1984.56
314  1983.09
315  1986.44
316  1990.26
317  1984.21
318  1984.21
319  1986.43
320  1988.86
321  1986.95
322  1987.05
323  1984.47
324  1981.03
325  1990.91
326  1989.53
327  1982.77
328  1986.9
329  1982.68
330  1985.79
331  1987.32
332  1987.21
333  1987.64
334  1987.2
335  1983.73
336  1981.38
337  1985.62
338  1985.45
339  1983.11
340  1986.53
341  1983.95
342  1987.56
343  1985.74
344  1985.39
345  1987.92
346  1981.51
347  1983.77
348  1983.58
349  1985.1
350  1983.04
351  1984.25
352  1981.98
353  1986.56
354  1989.79
355  1983.93
356  1985.78
357  1982.24
358  1985.49
359  1986.82
360  1985.49
361  1985.81
362  1985.51
363  1986.76
364  1984.74
365  1985.05
366  1980.18
367  1981.39
368  1984.12
369  1984.24
370  1985.83
371  1988.68
372  1987.44
373  1986.15
374  1985.26
375  1987.58
376  1987.18
377  1984.94
378  1983.37
379  1983.77
380  1981.1
381  1986.01
382  1988.43
383  1986.15
384  1990.91
385  1979.34
386  1984.5
387  1987.14
388  1985.43
389  1985.36
390  1983.86
391  1982.68
392  1980.31
393  1981.13
394  1989.94
395  1987.24
396  1983.47
397  1984.7
398  1987.38
399  1985.8
400  1982.82
401  1981.39
402  1980.23
403  1984.59
404  1981.99
405  1985.9
406  1986.39
407  1984.76
408  1989.02
409  1985.35
410  1987.44
411  1983.37
412  1987.43
413  1986.91
414  1987.93
415  1985.52
416  1984.62
417  1989.02
418  1986.58
419  1980.44
420  1986.03
421  1982.74
422  1984.86
423  1983.97
424  1985.25
425  1988.08
426  1989.15
427  1986.71
428  1985.73
429  1988.37
430  1987.18
431  1984.25
432  1987.82
433  1986.01
434  1989.02
435  1984.17
436  1986.9
437  1984.33
438  1984.34
439  1978.13
440  1992.3
441  1977.82
442  1987.31
443  1984.37
444  1987.24
445  1983.31
446  1985.73
447  1982.63
448  1983.58
449  1985.08
450  1990.69
451  1983.68
452  1985.67
453  1984.22
454  1987.03
455  1984.05
456  1985.29
457  1983.18
458  1988.88
459  1982.6
460  1988.25
461  1987
462  1983.33
463  1985.78
464  1986.57
465  1984.2
466  1982.29
467  1984.93
468  1986.72
469  1983.55
470  1981.85
471  1985.04
472  1986.18
473  1986.52
474  1981.22
475  1983.64
476  1987.66
477  1984.5
478  1982.41
479  1985.04
480  1986.15
481  1983.75
482  1986.05
483  1984.39
484  1988.93
485  1984.12
486  1985.11
487  1986.87
488  1982.56
489  1981.89
490  1986.15
491  1987.47
492  1982.39
493  1985.19
494  1982.12
495  1984.72
496  1985.41
497  1986.69
498  1979.55
499  1981.36
500  1985.13
501  1987.29
502  1986.99
503  1981.94
504  1984.59
505  1983.88
506  1981.94
507  1986.71
508  1983.03
509  1986.05
510  1985.79
511  1986.78
512  1982.25
513  1985.85
514  1983.06
515  1986.22
516  1984.07
517  1981.82
518  1987.52
519  1983.71
520  1985.37
521  1987.74
522  1987.58
523  1987.03
524  1982.91
525  1985.99
526  1985.19
527  1986.16
528  1984.64
529  1987.02
530  1985.22
531  1982.48
532  1988.34
533  1979.68
534  1983.24
535  1985.24
536  1989.72
537  1986.6
538  1988.59
539  1987.12
540  1983.04
541  1983.27
542  1986.21
543  1988.22
544  1986.76
545  1989.06
546  1985.73
547  1985.45
548  1986.43
549  1986.41
550  1987.97
551  1986.08
552  1982.5
553  1988
554  1986.26
555  1988.96
556  1983.18
557  1982.03
558  1984.04
559  1982.55
560  1986.29
561  1985.8
562  1988.71
563  1984.13
564  1982.46
565  1984.38
566  1985.78
567  1984.63
568  1984.94
569  1986.16
570  1986.19
571  1985.69
572  1986.14
573  1985.74
574  1983.8
575  1983.19
576  1987.17
577  1985.05
578  1986.47
579  1985.15
580  1986
581  1989.94
582  1985.92
583  1981.62
584  1985.06
585  1985.75
586  1984.31
587  1985.65
588  1981.82
589  1985.33
590  1985.9
591  1986.55
592  1985.58
593  1988.62
594  1989.32
595  1986.17
596  1984.85
597  1987.36
598  1986.8
599  1985.3
600  1985.48
601  1980.77
602  1985.57
603  1984.71
604  1986.95
605  1981.62
606  1986.35
607  1985.85
608  1987.08
609  1985.69
610  1986.56
611  1986.59
612  1982.79
613  1985.77
614  1984.63
615  1983.99
616  1986.87
617  1987.86
618  1985.12
619  1985.04
620  1985.24
621  1986.4
622  1987.5
623  1986.49
624  1987.32
625  1981.74
626  1987.33
627  1985.4
628  1983.04
629  1987.11
630  1982.36
631  1984.8
632  1983.19
633  1982.24
634  1985.73
635  1986.79
636  1984.83
637  1985.55
638  1983.67
639  1984.52
640  1988.51
641  1986.88
642  1986.37
643  1983.47
644  1987.2
645  1982.6
646  1984.2
647  1984.88
648  1984.91
649  1983.33
650  1983.19
651  1986.76
652  1987.03
653  1984.93
654  1988.79
655  1984.08
656  1982.25
657  1987.86
658  1987.22
659  1983.52
660  1986.33
661  1982.04
662  1982.75
663  1986.31
664  1981.95
665  1984.38
666  1984.42
667  1988.95
668  1985.62
669  1988.7
670  1985.03
671  1985.42
672  1988.67
673  1984.87
674  1990.42
675  1983.01
676  1985.32
677  1981.05
678  1985.49
679  1987.95
680  1985.87
681  1982.45
682  1984.92
683  1983.7
684  1986.11
685  1983.35
686  1984.97
687  1984.61
688  1981.15
689  1986.38
690  1984.68
691  1984.12
692  1985.92
693  1986.84
694  1982.78
695  1983.7
696  1982.97
697  1984.87
698  1986.21
699  1985.59
700  1985.12
701  1987.44
702  1991.19
703  1986.98
704  1982
705  1987.31
706  1987.03
707  1988.19
708  1984.87
709  1982.63
710  1988.23
711  1981.86
712  1986.29
713  1986.34
714  1983.8
715  1983.51
716  1979.35
717  1986.01
718  1985.59
719  1985.24
720  1986.78
721  1987.66
722  1982.12
723  1986.71
724  1986.22
725  1985.48
726  1987.98
727  1984.35
728  1983.33
729  1985.56
730  1986.93
731  1982.22
732  1987.1
733  1987.47
734  1985.06
735  1983.98
736  1982.53
737  1983.7
738  1983
739  1985.22
740  1988.17
741  1987.63
742  1984.35
743  1990.18
744  1984.9
745  1981.9
746  1984.66
747  1983.92
748  1983.85
749  1984.62
750  1979.49
751  1984.73
752  1982.49
753  1983.7
754  1987.88
755  1985.66
756  1985.08
757  1989.03
758  1985.02
759  1985.96
760  1987.72
761  1984.64
762  1983.97
763  1986.25
764  1987.3
765  1986.56
766  1982.83
767  1985.37
768  1984.55
769  1988.6
770  1982.8
771  1984.51
772  1981.41
773  1985.93
774  1985.58
775  1986.67
776  1983.31
777  1984.37
778  1988.77
779  1985.32
780  1982.56
781  1984.28
782  1986.26
783  1986.41
784  1983.74
785  1985.79
786  1987.25
787  1985.02
788  1986.42
789  1987.63
790  1988.21
791  1980.28
792  1983.02
793  1985.97
794  1984.7
795  1983.88
796  1987.71
797  1986.75
798  1987.05
799  1982.65
800  1984.62
801  1984.27
802  1987.48
803  1983.05
804  1987.32
805  1986.82
806  1987.63
807  1984.99
808  1980.61
809  1986.89
810  1984.8
811  1985.91
812  1982.91
813  1985.91
814  1986.64
815  1988.11
816  1984.27
817  1985.43
818  1986.56
819  1983.12
820  1985.22
821  1983.07
822  1986.45
823  1986.28
824  1985.69
825  1984.79
826  1985.03
827  1987.23
828  1983.67
829  1986.63
830  1983.68
831  1983.2
832  1985.24
833  1985.58
834  1984.13
835  1985.41
836  1984.06
837  1986.78
838  1987.75
839  1987.48
840  1984.34
841  1987.61
842  1981.67
843  1983.18
844  1984.99
845  1986.15
846  1982.28
847  1982.91
848  1985.8
849  1985.66
850  1983.97
851  1983.05
852  1986.91
853  1984.96
854  1984.51
855  1986.03
856  1988.35
857  1981.53
858  1986.32
859  1982.37
860  1984.72
861  1985.3
862  1986.23
863  1986.51
864  1987.62
865  1984.57
866  1987.5
867  1986.1
868  1985.37
869  1984.3
870  1983.86
871  1983.33
872  1985
873  1984.82
874  1984.61
875  1982.52
876  1985.38
877  1985.28
878  1985.77
879  1983.03
880  1982.65
881  1983.48
882  1982.37
883  1982.39
884  1985.08
885  1985.1
886  1985.69
887  1983.48
888  1984.18
889  1985.22
890  1984.7
891  1983.24
892  1985.57
893  1985.09
894  1985.3
895  1987.89
896  1985.59
897  1982.85
898  1985.54
899  1982.68
900  1987.7
901  1986.34
902  1987.44
903  1983.2
904  1987.21
905  1987.33
906  1983.84
907  1984.42
908  1984.15
909  1986.58
910  1987.08
911  1984.79
912  1986.6
913  1983.26
914  1984.76
915  1984.67
916  1985.12
917  1985.27
918  1986.06
919  1986.04
920  1984.79
921  1986.37
922  1986.37
923  1985.54
924  1987.45
925  1985.37
926  1985.34
927  1984.45
928  1986.4
929  1981.93
930  1983.45
931  1981.92
932  1985.38
933  1987.2
934  1984.76
935  1986
936  1984.87
937  1985.44
938  1985.1
939  1982.56
940  1988.62
941  1986.97
942  1985.9
943  1981.63
944  1986.61
945  1982.41
946  1985.65
947  1986.62
948  1984.74
949  1983.73
950  1984.12
951  1985.34
952  1985.46
953  1985.58
954  1985.52
955  1985.76
956  1984.64
957  1982.93
958  1982.78
959  1985.15
960  1985.76
961  1983.35
962  1984.71
963  1984.39
964  1984.07
965  1981.97
966  1984.5
967  1984.57
968  1987.94
969  1988.05
970  1986.14
971  1987.91
972  1981.95
973  1983.54
974  1982.67
975  1984.69
976  1983.73
977  1983.48
978  1984.92
979  1986.16
980  1984.06
981  1985.91
982  1987.08
983  1986.77
984  1985.99
985  1981.33
986  1984.67
987  1986.8
988  1985.82
989  1984.16
990  1984.22
991  1984.31
992  1988.16
993  1985.12
994  1986.52
995  1985.34
996  1985.01
997  1986.9
998  1983.21
999  1985.85
1000  1983.36
1001  1984.84
