2  1978.23
3  1979.25
4  1957.29
5  1983.3
6  2033.34
7  2011.37
8  1998.74
9  1993.81
10  1951.6
11  1984.17
12  1978.73
13  1969.09
14  1977.23
15  1944.04
16  1994.14
17  1975.29
18  1964.56
19  1965.49
20  1957
21  1961.36
22  1957.08
23  2001.03
24  1973.75
25  1972.6
26  1985.78
27  1975.39
28  2003.95
29  1996.11
30  1980.41
31  1974.75
32  1978.21
33  1993.38
34  2004.95
35  1995.6
36  1981.57
37  1989.89
38  1965.6
39  1968.14
40  1975.49
41  1977.85
42  1971.42
43  1980.18
44  1985.31
45  1991.03
46  1979.72
47  1979.27
48  1989.65
49  1971.86
50  1993.24
51  1995.47
52  1994.01
53  1982.66
54  1979.24
55  1978.01
56  1978.02
57  1980.31
58  1986.64
59  1976.08
60  2002.37
61  1996.1
62  1992.43
63  1989.49
64  2008.89
65  1976.43
66  1968.86
67  1978.42
68  1978.41
69  1986.36
70  1984.47
71  1973.99
72  1975.61
73  1996.73
74  1987.65
75  1999.66
76  1979.43
77  1976.41
78  1988.18
79  1977.14
80  1994.73
81  1979.87
82  1996.81
83  1986.2
84  1975.95
85  1971.86
86  1983.7
87  1985.05
88  1976.53
89  1982.08
90  1987.46
91  1970.57
92  1982.98
93  1987.39
94  1985.6
95  2005.11
96  1971.96
97  1978.77
98  1988
99  1984.48
100  1979.42
101  1988.69
102  1979.85
103  1993.38
104  1993.76
105  1989.46
106  1982.78
107  1981.45
108  1982.18
109  1989.84
110  1987.25
111  1978.53
112  1986.25
113  1984.65
114  1991.54
115  1992.18
116  1983.57
117  1979.13
118  1988.58
119  1984.3
120  1983.2
121  1975.67
122  1988.11
123  1976.63
124  2003.45
125  1981.91
126  1992.42
127  1986.84
128  1986.11
129  1984.65
130  1989.26
131  1973.65
132  1992.89
133  1986.67
134  1974.44
135  1984.06
136  1966.62
137  1989.43
138  1987.78
139  1987.8
140  1995.79
141  1992.17
142  1991.36
143  1993.35
144  1987.51
145  1987.34
146  1993.61
147  1989.53
148  1969.48
149  1993.21
150  1981.4
151  1994.17
152  1984.11
153  1984.76
154  1985.46
155  1985.55
156  1987.7
157  1978.39
158  1975.95
159  1979.71
160  1984.09
161  1978.77
162  1988.27
163  1985.35
164  1981.58
165  1983.76
166  1985.57
167  1977.76
168  1990.46
169  1983.24
170  1986.11
171  1985.71
172  1979.83
173  1998.84
174  1983.66
175  1975.86
176  1985.02
177  1990.32
178  1989.58
179  1996.86
180  1983.43
181  1980.23
182  1986.87
183  1986.25
184  1981.6
185  1984.27
186  1985.96
187  1975.91
188  1980.25
189  1991.98
190  1974.42
191  1972.94
192  1987.16
193  1982.25
194  1974.61
195  1990.47
196  1980.94
197  1986.81
198  1992.69
199  1991.97
200  1979.66
201  1992.65
202  1991.07
203  1996.62
204  1987.56
205  1983.92
206  1983.46
207  1985.73
208  1991.53
209  1984.16
210  1976.38
211  1984.85
212  1984.21
213  1974.33
214  1992.73
215  1987.7
216  1984.18
217  1986.27
218  1989.68
219  1988.91
220  1981.1
221  1983.04
222  1984.28
223  1993.74
224  1988.78
225  1981.23
226  1991.26
227  1991
228  1979.29
229  1992.79
230  1983.17
231  1990.32
232  1995.66
233  1983.13
234  1981.74
235  1994.96
236  1983.57
237  1984.62
238  1986.51
239  1991.58
240  1979.36
241  1981.52
242  1980.77
243  1992.26
244  1988.32
245  1983.62
246  1983.78
247  2000.25
248  1972.96
249  1982.28
250  1992.93
251  1994.06
252  1987.99
253  1982.68
254  1984.55
255  1978.34
256  1993.16
257  1981.31
258  1991.42
259  1998.43
260  1994.28
261  1973.76
262  1986.51
263  1983.56
264  1976.8
265  1990.51
266  1994.14
267  1989.64
268  1971.99
269  1991.08
270  1983.27
271  1989.22
272  1977.58
273  1986.58
274  1981.26
275  1985.02
276  1986.66
277  1977.6
278  1986.56
279  1989.6
280  1982.93
281  1979.19
282  1984.44
283  1989.37
284  1987.98
285  1984.76
286  1979.18
287  1991.89
288  1992.4
289  1987.28
290  1985.79
291  1984.61
292  1982.28
293  1984.89
294  1990.09
295  1986.01
296  1970.3
297  1987.75
298  1989.4
299  1980.67
300  1984.61
301  1987.29
302  1984.97
303  1984.8
304  1981.64
305  1985.63
306  1979.76
307  1987.25
308  1980.39
309  1988.68
310  1977.31
311  1980.89
312  1982.27
313  1987.18
314  1986.93
315  1986.25
316  1980.9
317  1981
318  1984.94
319  1984.46
320  1979.4
321  1988.73
322  1987.93
323  1990.54
324  1985.16
325  1988.14
326  1988.34
327  1986.85
328  1989.85
329  1992.42
330  1981.33
331  1984.47
332  1981.01
333  1990.74
334  1991.27
335  1991.84
336  1984.56
337  1983.98
338  1979
339  1977.67
340  1995.84
341  1980.61
342  1985.77
343  1987.45
344  1987.44
345  1979.09
346  1988.94
347  1988.61
348  1987.68
349  1984.16
350  1982.01
351  1990.82
352  1982.52
353  1987.24
354  1981.64
355  1986.55
356  1991.48
357  1989.38
358  1976.76
359  1990.46
360  1988.43
361  1984.33
362  1981.15
363  1985.59
364  1980.42
365  1982.56
366  1985.83
367  1985.51
368  1987.79
369  1982.92
370  1990.9
371  1983.78
372  1985.15
373  1987.16
374  1989.1
375  1989.93
376  1995.87
377  1982.37
378  1983.61
379  1980.8
380  1987.16
381  1990.28
382  1987.38
383  1990.29
384  1984.1
385  1987.04
386  1987.8
387  1982.24
388  1982.72
389  1983.54
390  1981.97
391  1981.64
392  1985.76
393  1983.42
394  1983.88
395  1983.87
396  1984.53
397  1982.06
398  1983.08
399  1980.24
400  1984.79
401  1990.56
402  1980.33
403  1991.92
404  1986.3
405  1981.73
406  1979.1
407  1981.45
408  1988.67
409  1987.13
410  1984.08
411  1983.31
412  1982.14
413  1982.25
414  1980.44
415  1987.06
416  1983.99
417  1981.22
418  1987.2
419  1989.88
420  1988.23
421  1986.35
422  1979.94
423  1982.86
424  1987.22
425  1990.53
426  1986.56
427  1984.95
428  1981.69
429  1985.56
430  1984.08
431  1987.78
432  1986.08
433  1982.17
434  1982.65
435  1993.71
436  1982.31
437  1981.36
438  1985.95
439  1990.4
440  1985.73
441  1981.32
442  1984.18
443  1986.9
444  1984
445  1985.99
446  1989.21
447  1983.05
448  1985.43
449  1984.51
450  1981.57
451  1984.73
452  1983.06
453  1984.16
454  1985.25
455  1990.22
456  1987.29
457  1989.1
458  1983.03
459  1990.55
460  1983.42
461  1989.05
462  1992.71
463  1989.92
464  1985.15
465  1990.46
466  1987.12
467  1984.91
468  1981.89
469  1991.64
470  1987.78
471  1988.72
472  1984.2
473  1984.69
474  1981
475  1980.17
476  1985.77
477  1982.44
478  1984.52
479  1987.9
480  1985.78
481  1987.11
482  1983.79
483  1995.65
484  1984.11
485  1987.82
486  1986.89
487  1981.54
488  1985.17
489  1985.05
490  1987.77
491  1986.76
492  1986.13
493  1987.92
494  1985.73
495  1993.02
496  1986.07
497  1979.05
498  1985.87
499  1984.29
500  1982.23
501  1984.14
502  1986.56
503  1981.75
504  1992.37
505  1982.95
506  1986.84
507  1982.65
508  1979.85
509  1983.59
510  1985.11
511  1982.52
512  1983.23
513  1980
514  1980.63
515  1979.28
516  1988.22
517  1988.1
518  1987.22
519  1984.03
520  1984.66
521  1982.13
522  1985.77
523  1984.38
524  1983.37
525  1984.51
526  1982.54
527  1990.17
528  1987.91
529  1987.1
530  1985.04
531  1985.33
532  1982.41
533  1981.36
534  1985.29
535  1985.22
536  1981.05
537  1987.59
538  1981.95
539  1979.85
540  1980.75
541  1981.38
542  1985.52
543  1986.39
544  1987.08
545  1986.97
546  1987.07
547  1986.91
548  1984.13
549  1982.4
550  1983.91
551  1990.24
552  1982.6
553  1985.11
554  1982.97
555  1983.69
556  1988.86
557  1987.22
558  1983.26
559  1980.9
560  1985.83
561  1977.53
562  1985.97
563  1988.59
564  1985.61
565  1985.52
566  1987.48
567  1984
568  1986.93
569  1984.97
570  1985.72
571  1990.22
572  1982.67
573  1992.91
574  1988.74
575  1982.84
576  1988.79
577  1987.38
578  1980.96
579  1984.82
580  1981.59
581  1982.87
582  1987.59
583  1987
584  1985.93
585  1980.98
586  1991.43
587  1985.76
588  1982.78
589  1989.97
590  1987.23
591  1979.02
592  1982.06
593  1984.32
594  1983.34
595  1984.49
596  1986.14
597  1984.73
598  1984.41
599  1982.64
600  1984.6
601  1982.73
602  1988.57
603  1986.01
604  1988.59
605  1988.21
606  1984.09
607  1986.36
608  1985.79
609  1981.7
610  1983.85
611  1991.11
612  1981.58
613  1984.4
614  1990.56
615  1983
616  1982.18
617  1984.81
618  1986.76
619  1983.06
620  1987.04
621  1987.2
622  1987.36
623  1982.52
624  1984.26
625  1986.16
626  1986.65
627  1984.6
628  1987.7
629  1982.02
630  1985.86
631  1982.8
632  1982.56
633  1984.14
634  1982.7
635  1981.14
636  1988.67
637  1979.95
638  1984.63
639  1986.99
640  1986.12
641  1988.21
642  1988.02
643  1987.24
644  1981.37
645  1981.94
646  1992.18
647  1983.11
648  1985.04
649  1985.57
650  1986.48
651  1986.9
652  1983.94
653  1986.35
654  1982.22
655  1985.59
656  1975.78
657  1983.78
658  1983.33
659  1984.48
660  1981.76
661  1985.14
662  1982.13
663  1987.36
664  1983.74
665  1983.39
666  1985.69
667  1981.26
668  1985.13
669  1984.32
670  1985.43
671  1990.14
672  1982.83
673  1986.69
674  1982.12
675  1984.49
676  1985.84
677  1984.33
678  1985.76
679  1986.5
680  1985.31
681  1988.81
682  1983.07
683  1982.35
684  1981.92
685  1988.6
686  1978.96
687  1986.75
688  1987.1
689  1986.73
690  1984.73
691  1982.64
692  1986.25
693  1982.71
694  1986.58
695  1984.59
696  1985.18
697  1986.65
698  1981.49
699  1986.29
700  1983.84
701  1983.92
702  1988.44
703  1979.75
704  1989.75
705  1983.67
706  1981.36
707  1983.95
708  1988.18
709  1989.61
710  1980.2
711  1983.42
712  1982.87
713  1987.16
714  1985.91
715  1989.91
716  1983.04
717  1984.55
718  1980.33
719  1984.73
720  1980.3
721  1987.41
722  1989.74
723  1988.41
724  1981.93
725  1980.76
726  1984.55
727  1989.8
728  1988.93
729  1981.26
730  1985.25
731  1982.95
732  1985.25
733  1984.15
734  1986.61
735  1986.15
736  1987.18
737  1982.32
738  1984.98
739  1985.74
740  1984.12
741  1982.58
742  1988.09
743  1979.3
744  1982.45
745  1981.81
746  1986.23
747  1986.76
748  1987.94
749  1987.52
750  1984.14
751  1985.49
752  1988.41
753  1984.66
754  1984.85
755  1986.99
756  1984.61
757  1985.08
758  1985.6
759  1983.22
760  1987.73
761  1987.32
762  1983.88
763  1988.53
764  1986.9
765  1982.31
766  1983.38
767  1984.1
768  1983.04
769  1983.68
770  1988.66
771  1986.91
772  1987.17
773  1986.94
774  1987.25
775  1985.83
776  1984.92
777  1978.03
778  1980.41
779  1988.7
780  1981.34
781  1978.01
782  1984.49
783  1987.24
784  1984.21
785  1984.44
786  1991.64
787  1986.12
788  1985.79
789  1980.92
790  1988.45
791  1980.83
792  1983.6
793  1985.59
794  1985.94
795  1989.57
796  1978.95
797  1989.47
798  1984.85
799  1982.46
800  1992.55
801  1981.11
802  1981.61
803  1980.26
804  1985.93
805  1984.25
806  1983.56
807  1981.95
808  1987.01
809  1985.87
810  1986.44
811  1984.57
812  1986.69
813  1980.15
814  1987.54
815  1986.93
816  1983.24
817  1984.52
818  1987.64
819  1986.14
820  1983.88
821  1984.47
822  1983.55
823  1978.97
824  1984.58
825  1986.5
826  1984.46
827  1982.44
828  1986.11
829  1987.21
830  1987.83
831  1989.25
832  1988.74
833  1985.45
834  1984.84
835  1988.61
836  1985.45
837  1978.44
838  1985.56
839  1984.19
840  1983.31
841  1981.36
842  1983.87
843  1986.97
844  1983.63
845  1985.49
846  1984.42
847  1984.74
848  1984.35
849  1987.86
850  1980.29
851  1982.62
852  1981.42
853  1979.83
854  1989.31
855  1984.62
856  1983.22
857  1986.82
858  1983.57
859  1981.73
860  1984.62
861  1988.52
862  1985.73
863  1986.42
864  1985.7
865  1986.67
866  1981.98
867  1982.87
868  1984.06
869  1982.45
870  1984.07
871  1984.21
872  1985.43
873  1987.68
874  1985.2
875  1987.11
876  1988.33
877  1984.78
878  1983.77
879  1985.35
880  1982.95
881  1982.69
882  1981.4
883  1988.68
884  1983.99
885  1983.23
886  1983.94
887  1986.04
888  1983.07
889  1984.98
890  1984.23
891  1984.18
892  1986.22
893  1981.83
894  1983.18
895  1984.44
896  1989.04
897  1984.41
898  1985.89
899  1985
900  1985.17
901  1985.75
902  1982.56
903  1979.13
904  1984.77
905  1990.3
906  1988.57
907  1981.69
908  1982.79
909  1981.71
910  1985.45
911  1984.52
912  1983.03
913  1985.57
914  1985.11
915  1986
916  1985.96
917  1983.55
918  1989.61
919  1982.94
920  1983.38
921  1986.13
922  1984.86
923  1983.27
924  1985.57
925  1982.99
926  1984.95
927  1985.16
928  1989.75
929  1989.36
930  1982.98
931  1990.03
932  1988.7
933  1983.04
934  1986.2
935  1987.19
936  1986.02
937  1982.56
938  1985.31
939  1988.68
940  1986.53
941  1987.68
942  1986.56
943  1981.8
944  1986.36
945  1988.35
946  1986.22
947  1985.53
948  1982.89
949  1987.96
950  1984.9
951  1986.09
952  1983.23
953  1980.17
954  1982.87
955  1980.31
956  1987.73
957  1985.61
958  1988.65
959  1985.46
960  1982.54
961  1987.27
962  1984.56
963  1980.1
964  1981.71
965  1983.56
966  1983.99
967  1982.78
968  1983.42
969  1985.36
970  1985.3
971  1986.29
972  1988.92
973  1986.58
974  1984.25
975  1988.47
976  1984.98
977  1985.31
978  1985.97
979  1987.63
980  1983.94
981  1983.98
982  1988.41
983  1987.08
984  1985.84
985  1986.2
986  1985.16
987  1986.32
988  1981.93
989  1988.02
990  1987.41
991  1986.92
992  1986.34
993  1984.43
994  1988.19
995  1986.02
996  1982.07
997  1983.59
998  1985.77
999  1985.99
1000  1989.61
1001  1985.6
