2  2061.33
3  1917.46
4  1991.11
5  1972.93
6  1965.81
7  1992.53
8  1982.21
9  1981.19
10  2019.02
11  1961.09
12  1987.54
13  2009.94
14  1967.21
15  1994.88
16  1953.66
17  1974.95
18  2003.26
19  2001.81
20  2006.51
21  2000.02
22  1985.45
23  1983.93
24  1986.78
25  1973.15
26  1993.12
27  1974.85
28  1996.6
29  1980.67
30  1975.08
31  1991.17
32  1972.24
33  1994.96
34  1997.93
35  1991.57
36  1980.47
37  1978.53
38  1988.59
39  1988.64
40  1983.85
41  1984.64
42  1975.5
43  1975.32
44  1987.69
45  1993.62
46  1987.89
47  1982.93
48  1989.83
49  1988.74
50  1973.68
51  1987.53
52  1989.99
53  1971.86
54  1992.76
55  1962.42
56  1976.44
57  1990.13
58  1979.11
59  1977.76
60  1982.71
61  1977.04
62  1998.11
63  1981.74
64  1997.81
65  1981.3
66  2001.82
67  1979.3
68  1972.01
69  1975.26
70  1988.24
71  1983.7
72  1976.84
73  1986.54
74  1989.03
75  1984.28
76  1984.25
77  1993.66
78  1999.41
79  1987.64
80  1993.26
81  1986.67
82  1984.72
83  1982.69
84  1989.31
85  1985.01
86  1988.24
87  1983.46
88  1991.18
89  1974.25
90  1985.37
91  1989.25
92  1989.12
93  1975.86
94  1985.79
95  1992.79
96  1984.87
97  1990.39
98  1983.76
99  1981.37
100  1971.86
101  1981.75
