10  200.59
20  198.143
30  197.449
40  198.042
50  196.952
60  197.085
70  197.912
80  196.946
90  198.158
100  197.267
110  197.642
120  198.469
130  198.873
140  198.442
150  198.502
160  198.849
170  198.646
180  198.599
190  199.556
200  198.218
210  199.072
220  198.998
230  198.713
240  198.63
250  199.139
260  198.617
270  198.683
280  198.722
290  199.332
300  198.798
310  199.407
320  198.62
330  198.276
340  198.64
350  198.093
360  197.818
370  197.351
380  197.733
390  197.051
400  198.147
410  198.266
420  198.384
430  198.884
440  198.829
450  199.405
460  199.337
470  198.982
480  199.187
490  199.088
500  198.54
510  198.61
520  198.774
530  198.095
540  197.282
550  197.295
560  197.674
570  197.802
580  198.675
590  198.694
600  199.239
610  199.104
620  199.334
630  199.336
640  198.954
650  198.961
660  198.518
670  197.691
680  197.082
690  197.305
700  197.911
710  198.246
720  198.936
730  199.272
740  198.871
750  199.248
760  198.993
770  198.572
780  198.108
790  197.811
800  197.284
810  198.372
820  198.699
830  198.923
840  199.222
850  199.196
860  199.158
870  198.984
880  198.04
890  197.312
900  197.686
910  198.514
920  198.694
930  199.209
940  199.206
950  199.143
960  198.56
970  198.183
980  197.36
990  197.707
1000  198.577
