2  2021.09
3  2048.4
4  1950.07
5  1974.33
6  1988.89
7  1946.55
8  1972.96
9  2014.86
10  1981.69
11  1958.44
12  1965.02
13  1996.7
14  1988.87
15  1979
16  1965
17  1997.13
18  1954.61
19  1990.94
20  1968.89
21  1988.69
22  1973.9
23  2025.74
24  1983.93
25  2003.01
26  1999.27
27  1972.07
28  1990.67
29  1981.64
30  1996.04
31  1996.73
32  1978.75
33  1987.42
34  1988.18
35  1981.9
36  1984.79
37  2001.04
38  1974.25
39  1998.13
40  1985.03
41  1980.62
42  1986.74
43  1982.36
44  1975.85
45  1979.87
46  1974.31
47  1987.04
48  1977.04
49  1983.92
50  1999.12
51  1992.78
