10  193.361
20  194.25
30  198.163
40  195.097
50  197.775
60  194.533
70  197.5
80  194.913
90  199.341
100  195.89
110  197.353
120  200.494
130  197.338
140  197.384
150  196.043
160  198.298
170  197.355
180  196.217
190  197.669
200  194.387
210  195.792
220  198.283
230  196.676
240  195.102
250  196.267
260  193.924
270  197.263
280  197.33
290  196.754
300  195.758
310  195.864
320  196.641
330  196.046
340  198.199
350  196.725
360  197.945
370  196.615
380  199.029
390  197.158
400  197.091
410  198.98
420  197.729
430  197.883
440  198.342
450  196.137
460  197.1
470  198.199
480  198.079
490  197.176
500  197.846
510  197.421
520  197.236
530  197.435
540  197.132
550  198.233
560  198.158
570  197.971
580  197.642
590  196.646
600  197.607
610  196.043
620  196.644
630  198.666
640  198.8
650  198.982
660  197.495
670  196.191
680  198.011
690  197.539
700  198.784
710  198.993
720  197.136
730  198.547
740  198.391
750  198.781
760  196.94
770  198.504
780  197.764
790  198
800  197.679
810  199.065
820  198.221
830  197.644
840  197.766
850  197.929
860  197.814
870  197.75
880  198.647
890  197.94
900  198.177
910  198.364
920  197.401
930  197.564
940  197.303
950  198.755
960  197.753
970  197.335
980  196.523
990  199.283
1000  197.618
