20  1986.26
30  1991.73
40  1990.88
50  1988.75
60  1986.71
70  1999.33
80  1996.91
90  1989.48
100  1989.81
110  1997.97
120  1975.27
130  1978.26
140  1985.22
150  1988.48
160  1989.41
170  1983.53
180  1975.63
190  1974.35
200  1978.97
210  1974.83
220  1975.56
230  1982.25
240  1978.63
250  1975.03
260  1979.29
270  1975.58
280  1991.13
290  1981.85
300  1986.12
310  1984.48
320  1994.09
330  1989.99
340  1992.78
350  1988.61
360  1990.07
370  1990.81
380  1992.73
390  1994.25
400  1984.63
410  1991.27
420  1985.3
430  1977.52
440  1983.95
450  1977.75
460  1973.48
470  1976.07
480  1978.82
490  1981.09
500  1985.57
510  1989.31
520  1987.96
530  1995.6
540  1994.22
550  1991.81
560  1989.12
570  1990.53
580  1984.6
590  1983.31
600  1981.08
610  1973.63
620  1972.4
630  1977.24
640  1985.02
650  1985.08
660  1989.01
670  1990.28
680  1993.28
690  1990.38
700  1990.98
710  1988.61
720  1977.99
730  1977.61
740  1975.78
750  1982
760  1982.3
770  1990.26
780  1991.44
790  1992.69
800  1990.96
810  1985.4
820  1985.32
830  1973.75
840  1974.71
850  1981.76
860  1982.99
870  1987.67
880  1990.29
890  1993.11
900  1989.29
910  1981.73
920  1981.02
930  1970.55
940  1977.15
950  1989.19
960  1990.1
970  1989.85
980  1992.7
990  1989.51
1000  1978.38
1010  1972.19
