2  1830.65
3  2009.82
4  1835.57
5  1834.43
6  1950.83
7  1973.12
8  1936.13
9  1981.89
10  2035.31
11  1954.46
12  2038.62
13  1948.9
14  1917.36
15  1954.73
16  1983.49
17  2045.16
18  1967.99
19  1923.8
20  1998.16
21  1956.19
22  1976.07
23  1975.32
24  1952.66
25  1985.09
26  1995.72
27  1959.04
28  1960.05
29  2035.27
30  1926.28
31  2032.83
32  1943.73
33  1948.45
34  1968.07
35  2055.55
36  1939.07
37  1961.68
38  2021.48
39  1979.11
40  1955.81
41  1988.18
42  1982.78
43  1958.02
44  1990.01
45  1973.36
46  1961.98
47  2007.92
48  1994
49  2008.4
50  1989.85
51  1954.88
52  2023.6
53  1968.88
54  1958.55
55  1982.36
56  1990.33
57  1955.27
58  2039.25
59  1989.31
60  1993.48
61  1952.98
62  1996.85
63  2030.12
64  1959.58
65  1942.59
66  1998.97
67  2016.91
68  1975.33
69  1984.83
70  2014.71
71  2006.62
72  2003.64
73  1929.88
74  1972.11
75  1961.03
76  2004.36
77  1962.15
78  2024.01
79  1949.95
80  2002.75
81  2011.15
82  1987.11
83  1944.2
84  1960.36
85  1961.17
86  1997.43
87  1987.59
88  1990.3
89  2014.53
90  1998.92
91  1958.62
92  1992.51
93  1998.63
94  1997.29
95  1977.58
96  1958.9
97  2013.12
98  1976.68
99  2008.94
100  1995.83
101  1999.4
102  2003.28
103  1981.01
104  1972.42
105  2004.81
106  1974.04
107  1987.63
108  1974.38
109  1983.04
110  2002.11
111  2039.97
112  1997.06
113  1995.68
114  2028.61
115  2041.11
116  1939.48
117  1931.49
118  1988.92
119  1992.13
120  1996.8
121  1981.2
122  1987.6
123  1966.38
124  1994.54
125  1976.14
126  2004.04
127  1993.64
128  1992.09
129  1981.68
130  2014.49
131  1960.62
132  2007.47
133  1983.12
134  1986.06
135  1982.9
136  1993.45
137  1964.55
138  1979.85
139  1986.67
140  2020.94
141  1966.67
142  1971.44
143  2001.41
144  1967.93
145  1994.05
146  1993.87
147  1996.14
148  1983.79
149  1998.4
150  1961.24
151  1980.34
152  1998.93
153  1992
154  1983.74
155  2009.69
156  1994.48
157  1999.21
158  1989.45
159  1994.19
160  2020.04
161  1966.52
162  2001.08
163  1967.27
164  1983.7
165  1985.2
166  1985.15
167  2001.15
168  1980.78
169  1965.08
170  1964.79
171  1959.51
172  1998.03
173  1993.65
174  1964.51
175  1995
176  1990.12
177  1992.6
178  1976.43
179  1983.45
180  1996.43
181  1998.74
182  1968.89
183  1999.79
184  2002.02
185  1997.42
186  1994.03
187  1986.7
188  1983.69
189  1978.19
190  1999.11
191  1988.65
192  2005.73
193  1996.97
194  1975.56
195  1984.5
196  2001.7
197  1972.08
198  1981.36
199  1983.26
200  1975.74
201  1962.62
202  1984.23
203  1959.89
204  1982.84
205  1988.54
206  1967.66
207  1976.64
208  1986.6
209  1993.37
210  2006.7
211  1969.97
212  1988.49
213  1978.4
214  1974.61
215  2001.62
216  1985.07
217  1985.4
218  1980.44
219  2003.01
220  1973.45
221  1988.63
222  1990.16
223  2007.56
224  1985.32
225  1964.46
226  2004.07
227  1990.86
228  1971.98
229  1984.97
230  1967.9
231  1989.96
232  2007.37
233  1993.4
234  1987.39
235  1977.67
236  2006.16
237  1959.34
238  1979.65
239  1986.61
240  1987.02
241  2014.21
242  1981.37
243  1998.42
244  1973.76
245  1986.98
246  1978.56
247  1995.14
248  2003.43
249  1993.58
250  1984.24
251  1988.16
252  1969.57
253  1988.64
254  1985.19
255  1994.74
256  1993.36
257  1982.75
258  2004.27
259  1985.42
260  2003.79
261  1996.06
262  1963.28
263  1982.87
264  1990.66
265  1996.78
266  2002.86
267  1989.1
268  1959.31
269  1972.56
270  1965.32
271  1995.13
272  1985.86
273  1986.98
274  1965.32
275  1972.01
276  1992.11
277  1984.66
278  1991.32
279  1979.67
280  1986.78
281  1962.8
282  1958.42
283  1999.85
284  1986.99
285  1974.31
286  1974.8
287  1989
288  1992.3
289  1983.87
290  2014.32
291  1965.75
292  1987.86
293  1984.32
294  1991.61
295  1991.99
296  1982.09
297  1985.18
298  1979.98
299  1996.08
300  2002.45
301  1993.29
302  1987.13
303  1985.84
304  1993.07
305  1962.58
306  1981.06
307  1989.98
308  1976.57
309  1988.85
310  1981.92
311  1998.1
312  2005.58
313  1965.91
314  1977.82
315  1983.21
316  1989.74
317  2011.7
318  1984.42
319  1984.42
320  1988.63
321  1988.48
322  1991.48
323  1978.64
324  1985.52
325  1990.95
326  1985.76
327  1987.78
328  1989.6
329  1987.56
330  1974.57
331  1977.87
332  1991.09
333  1975.54
334  1990.49
335  1984.87
336  2001.55
337  1982.39
338  1996.03
339  1981.76
340  1988.11
341  1988.3
342  1989.35
343  1974.09
344  1988.07
345  1974.77
346  1971.42
347  1986.59
348  1991.28
349  1980.64
350  1992.97
351  1997.22
352  1997.75
353  1988.89
354  1984.43
355  1971.38
356  1988.11
357  1991.45
358  1983.2
359  1990.21
360  2013.19
361  1970.99
362  1989.52
363  1982.83
364  1975.07
365  1981.44
366  1968.44
367  1967.63
368  1968.78
369  1974.81
370  1995.91
371  1984.82
372  1976.88
373  1981.7
374  2004.14
375  1991.7
376  1986.22
377  1996.07
378  1995.58
379  1980.82
380  1986.01
381  1969.74
382  1973.95
383  1985.83
384  1987.85
385  1989.25
386  1979.47
387  1974.47
388  1976.88
389  1984.82
390  1989.66
391  1986.68
392  1999.16
393  1990.64
394  1968.76
395  1985.79
396  1987.05
397  2002.14
398  1990.35
399  1993.19
400  1980.43
401  1980.72
402  1993.77
403  1993.53
404  1982.66
405  2001.52
406  1983.5
407  1995.37
408  2001.08
409  1973.73
410  1988.05
411  1988.25
412  1992.58
413  1984.89
414  1973.77
415  1971
416  1997.56
417  1997.33
418  1997.62
419  1997.96
420  1980.24
421  1976.87
422  1979.38
423  1987.04
424  1987.95
425  1990.64
426  1986.68
427  1989.75
428  1997
429  1986.75
430  1998.01
431  1989.64
432  1985.6
433  1986.12
434  1990.34
435  1987.37
436  1977.54
437  1996.95
438  1985.11
439  1962.59
440  1991.44
441  1996.35
442  1989.98
443  1976.83
444  1982.4
445  1990.26
446  1994.16
447  1981.93
448  1974.54
449  1977.28
450  1981.49
451  1986.11
452  1988.29
453  1987.12
454  1984.64
455  1988.16
456  1977.58
457  1994.92
458  1980.79
459  1972.76
460  1988.58
461  1986.07
462  1987.27
463  1988.57
464  1979.83
465  1987.47
466  2001.21
467  1980.39
468  1996.14
469  1981.41
470  1986.27
471  1996.32
472  1992.72
473  1973.3
474  1989.15
475  1975.42
476  1984.14
477  1988.26
478  1988.14
479  1974.68
480  1978.88
481  1989
482  1983.96
483  1972.39
484  1982.21
485  1972.85
486  1988.91
487  1986.46
488  1989.34
489  1989.41
490  1978.07
491  1991.78
492  1992.62
493  1986.25
494  1977.16
495  1978.35
496  2003.24
497  2003.74
498  1986.03
499  1978.13
500  1971.23
501  1981.23
502  1980.73
503  1996.88
504  1977.57
505  1998.7
506  1974.88
507  1984.32
508  1967.46
509  1982.42
510  1979.52
511  1992.23
512  1973.83
513  1980.79
514  1994.77
515  1988.46
516  1986.1
517  1993.58
518  1981.07
519  1980.79
520  1985.51
521  1973.16
522  1974.75
523  1977.27
524  1981.62
525  1969.19
526  1986.51
527  1998.66
528  1992.47
529  1971.21
530  1979.75
531  1973.74
532  1979.16
533  1985.04
534  1965.54
535  1982.8
536  1972.53
537  1996.38
538  1985.53
539  1983.81
540  1984.54
541  1980.27
542  1997.49
543  1986.73
544  1971.58
545  1984.47
546  1987.2
547  1993.98
548  1992.84
549  1986.5
550  1974.29
551  1982.51
552  1990.98
553  1984.02
554  1987.23
555  1981.79
556  1980.89
557  1987.86
558  1988.74
559  1974.88
560  1998.68
561  1987.01
562  1970.44
563  1990.51
564  1979.1
565  1980.91
566  1978.72
567  1977.04
568  1966.4
569  1970.77
570  1985.31
571  1986.64
572  1991.27
573  1982.61
574  1977.65
575  1995.28
576  1979.63
577  1985.08
578  1992.55
579  1998.06
580  1981.61
581  1981.21
582  1987.87
583  1983.65
584  1969.22
585  1993.17
586  2005.2
587  1985.29
588  1992.66
589  2005.02
590  1988.6
591  1981.32
592  1974.93
593  1981.02
594  1986.99
595  1978.82
596  1972.24
597  1992
598  1986.91
599  1980.33
600  1966.03
601  1968.55
602  1976.59
603  1995.56
604  1981.97
605  1993.06
606  1975.8
607  1999.08
608  2002.26
609  1975.51
610  1988.64
611  1981.51
612  1981.34
613  1996.43
614  1978.77
615  1977.16
616  1979.25
617  1979.4
618  1992.67
619  1987.32
620  1989.5
621  1994.27
622  1988.55
623  1981.56
624  1982.69
625  1991.15
626  1978.32
627  1986.42
628  1983.22
629  1977.98
630  1986.99
631  1986.45
632  1979.48
633  1992.46
634  1993.37
635  1994.81
636  1993.31
637  1989.05
638  1988.37
639  1981.25
640  1978.26
641  1982.37
642  1974.15
643  1984.82
644  1989.82
645  1974.96
646  1991.2
647  1984.29
648  1984.42
649  1991.62
650  1977.21
651  1970.65
652  1967.1
653  1990.71
654  2001.58
655  1973.32
656  1984.91
657  1993.88
658  1989.04
659  1989.99
660  1976.28
661  1981.88
662  1976.47
663  1990.97
664  1996.09
665  1983.09
666  1991.78
667  2000.61
668  1993.99
669  1983.77
670  1983.46
671  2001.44
672  1985.9
673  1987.15
674  1981.26
675  1981.85
676  1990.95
677  1985.08
678  1984.39
679  1979.15
680  1976.15
681  1987.08
682  1997.39
683  1985.72
684  1981.78
685  1974.89
686  1991.34
687  1988.16
688  1984.81
689  1974.28
690  1992.5
691  1970.84
692  1987.93
693  1987.36
694  1982.93
695  1972.03
696  1985.8
697  1983.04
698  1975.71
699  1982.75
700  1989.01
701  1975.15
702  1993.09
703  1981.93
704  1986.83
705  1983.17
706  1977.09
707  1982.92
708  1981.97
709  1987.45
710  1999.77
711  1986.32
712  1982.22
713  1976.69
714  1977.92
715  1977.81
716  1996.98
717  1985.09
718  1987.82
719  1979.41
720  1978.01
721  1984.57
722  1988.78
723  1988.04
724  1983.18
725  1976.5
726  1991.81
727  1975.49
728  1974.38
729  1982.17
730  1981.46
731  1988.13
732  1993.02
733  1989.73
734  1993.87
735  1983.91
736  1981.67
737  1993.2
738  1986.11
739  1987.71
740  1975.49
741  1982.13
742  1982.62
743  1986.31
744  1988.18
745  1980.79
746  1986.05
747  1981.04
748  1972
749  1975.11
750  1988.09
751  1976.86
752  1981.8
753  1987.42
754  1985.55
755  1986.8
756  1994.99
757  1983.12
758  1984.24
759  1984.69
760  1975.66
761  1982.78
762  1995.27
763  1999.81
764  1986.46
765  1985.52
766  1987.48
767  1986.71
768  1984.87
769  1980.77
770  1981.84
771  1986.52
772  1988.26
773  1991.18
774  1973.14
775  1976.1
776  1994.09
777  1974.34
778  1996.39
779  1990.9
780  1987.05
781  1976.44
782  1987.21
783  1988.86
784  1981.85
785  2002.58
786  1981.29
787  2001.17
788  1984.08
789  1984.01
790  1978.47
791  1984.4
792  1989.7
793  1973.55
794  1983.78
795  1991.23
796  1984.84
797  1975.69
798  1986.28
799  1983.63
800  1978.67
801  1988.7
802  1972.79
803  1983.06
804  1976.41
805  1988.93
806  1986.86
807  1991.54
808  1973.78
809  1983.23
810  1977.52
811  1978.4
812  1981.55
813  1989.66
814  1993.65
815  1989.37
816  1977.93
817  1987.6
818  1987.39
819  1981.64
820  1975.26
821  1994.97
822  1984.66
823  1982.34
824  1991.65
825  1977.4
826  1998.1
827  1991.32
828  1979.51
829  1990.48
830  1986.59
831  1986.66
832  1989.65
833  1975.13
834  1970.4
835  2000.75
836  1972.73
837  1985.45
838  1974.59
839  1988.6
840  1994.56
841  1997.7
842  1990.87
843  1983.87
844  1982.86
845  1991.77
846  1995.2
847  1981.68
848  1983.76
849  1981.22
850  1983.11
851  1989.08
852  1998.18
853  1988.15
854  1994.87
855  1988.76
856  1984.23
857  1982.39
858  1989.55
859  1985.13
860  1987.63
861  1977.4
862  1980.98
863  1975.89
864  1985.24
865  1988.84
866  1987.1
867  1985.13
868  1979.61
869  1983.74
870  1978.38
871  1987.68
872  2001.62
873  1984.15
874  1989.95
875  1986.86
876  1985.16
877  1978.75
878  1982.52
879  1984.04
880  1970.14
881  1997.27
882  1983.4
883  1989.55
884  1977.38
885  1994.11
886  1985.45
887  1973.78
888  1974.48
889  1980.59
890  1980.64
891  1974.04
892  1983.26
893  1975.64
894  1980.86
895  1985.6
896  1984.11
897  1981.15
898  1985.64
899  1993.9
900  1979.79
901  1991.02
902  1974.54
903  1987.17
904  1989.7
905  1986.23
906  1982.64
907  1984.22
908  1989.52
909  1988.12
910  1982.58
911  1988.25
912  1982.06
913  1984.27
914  1985.75
915  1994.32
916  1982.52
917  1990.13
918  1988.31
919  1986.37
920  1983.81
921  1993.51
922  1990.48
923  1979.53
924  1982.13
925  1986.55
926  1981.53
927  1984.63
928  1982.42
929  1995.03
930  1993.93
931  1984.74
932  1986.87
933  1994.44
934  1982.63
935  1986.35
936  1999.53
937  1977.43
938  1974.73
939  1992.54
940  1983.54
941  1987.79
942  1980.15
943  1985.67
944  1982.91
945  1986.54
946  1976.2
947  1990.11
948  1977.48
949  1989.53
950  1983.6
951  1980.88
952  1974.26
953  1983.43
954  1993.56
955  1989.21
956  1993.49
957  1983.62
958  1983.21
959  1991.31
960  1979.23
961  1986.45
962  1985.62
963  1991.19
964  1993.25
965  1996.75
966  1987.14
967  1985.23
968  1989.1
969  1974.65
970  1982.03
971  1992.71
972  1993.07
973  1991.39
974  1983.63
975  1985.76
976  1994.48
977  1980.86
978  1976.88
979  1975.83
980  1982.65
981  1986.51
982  1989
983  1988.64
984  1976.01
985  1985.9
986  1979.32
987  1981.11
988  1996.82
989  1985.33
990  1982.02
991  1983.13
992  1982.46
993  1987.06
994  1991.39
995  1982.76
996  1988.52
997  1978.07
998  1988.52
999  1983.94
1000  1983.27
1001  1983.04
