0 0.785
0.01 0.689
0.02 0.644
0.03 0.617
0.04 0.599
0.05 0.582
0.06 0.568
0.07 0.559
0.08 0.551
0.09 0.544
0.1 0.537
0.11 0.53
0.12 0.527
0.13 0.523
0.14 0.517
0.15 0.514
0.16 0.51
0.17 0.506
0.18 0.507
0.19 0.508
0.2 0.495
0.21 0.496
0.22 0.487
0.23 0.484
0.24 0.484
0.25 0.484
0.26 0.478
0.27 0.484
0.28 0.478
0.29 0.476
0.3 0.473
0.31 0.474
0.32 0.469
0.33 0.47
0.34 0.466
0.35 0.467
0.36 0.461
0.37 0.459
0.38 0.461
0.39 0.461
0.4 0.455
0.41 0.457
0.42 0.455
0.43 0.456
0.44 0.451
0.45 0.451
0.46 0.456
0.47 0.451
0.48 0.452
0.49 0.452
0.5 0.449
0.51 0.448
0.52 0.449
0.53 0.447
0.54 0.447
0.55 0.442
0.56 0.441
0.57 0.445
0.58 0.443
0.59 0.441
0.6 0.444
0.61 0.441
0.62 0.435
0.63 0.437
0.64 0.441
0.65 0.437
0.66 0.438
0.67 0.438
0.68 0.432
0.69 0.435
0.7 0.438
0.71 0.434
0.72 0.433
0.73 0.432
0.74 0.43
0.75 0.428
0.76 0.433
0.77 0.427
0.78 0.428
0.79 0.428
0.8 0.428
0.81 0.428
0.82 0.428
0.83 0.427
0.84 0.426
0.85 0.425
0.86 0.428
0.87 0.422
0.88 0.424
0.89 0.427
0.9 0.424
0.91 0.426
0.92 0.423
0.93 0.424
0.94 0.42
0.95 0.421
0.96 0.422
0.97 0.416
0.98 0.423
0.99 0.423
1 0.416
1.01 0.416
1.02 0.422
1.03 0.421
1.04 0.42
1.05 0.418
1.06 0.416
1.07 0.414
1.08 0.42
1.09 0.416
1.1 0.413
1.11 0.418
1.12 0.414
1.13 0.419
1.14 0.413
1.15 0.419
1.16 0.412
1.17 0.417
1.18 0.409
1.19 0.413
1.2 0.417
1.21 0.407
1.22 0.41
1.23 0.414
1.24 0.418
1.25 0.403
1.26 0.406
1.27 0.408
1.28 0.41
1.29 0.412
1.3 0.414
1.31 0.416
1.32 0.418
1.33 0.419
1.34 0.42
1.35 0.42
1.36 0.417
1.37 0.412
1.38 0.406
1.39 0.405
1.4 0.405
1.41 0.405
1.42 0.405
1.43 0.406
1.44 0.405
1.45 0.406
1.46 0.406
1.47 0.406
1.48 0.406
1.49 0.406
1.5 0.407
1.51 0.403
1.52 0.407
1.53 0.407
1.54 0.406
1.55 0.407
1.56 0.399
1.57 0.407
1.58 0.394
1.59 0.407
1.6 0.393
1.61 0.405
1.62 0.393
1.63 0.404
1.64 0.394
1.65 0.404
1.66 0.395
1.67 0.405
1.68 0.398
1.69 0.407
1.7 0.4
1.71 0.394
1.72 0.403
1.73 0.398
1.74 0.392
1.75 0.401
1.76 0.397
1.77 0.392
1.78 0.401
1.79 0.397
1.8 0.393
1.81 0.401
1.82 0.398
1.83 0.395
1.84 0.392
1.85 0.4
1.86 0.398
1.87 0.395
1.88 0.393
1.89 0.4
1.9 0.398
1.91 0.396
1.92 0.395
1.93 0.393
1.94 0.391
1.95 0.39
1.96 0.397
1.97 0.396
1.98 0.395
1.99 0.394
2 0.393
2.01 0.392
2.02 0.391
2.03 0.39
2.04 0.397
2.05 0.396
2.06 0.396
2.07 0.395
2.08 0.395
2.09 0.387
2.1 0.394
2.11 0.393
2.12 0.393
2.13 0.393
2.14 0.393
2.15 0.393
2.16 0.392
2.17 0.386
2.18 0.386
2.19 0.386
2.2 0.393
2.21 0.393
2.22 0.393
2.23 0.387
2.24 0.387
2.25 0.387
2.26 0.388
2.27 0.388
2.28 0.388
2.29 0.389
2.3 0.389
2.31 0.39
2.32 0.39
2.33 0.391
2.34 0.391
2.35 0.392
2.36 0.387
2.37 0.382
2.38 0.388
2.39 0.389
2.4 0.384
2.41 0.385
2.42 0.391
2.43 0.392
2.44 0.382
2.45 0.388
2.46 0.389
2.47 0.39
2.48 0.385
2.49 0.386
2.5 0.387
2.51 0.383
2.52 0.384
2.53 0.385
2.54 0.386
2.55 0.387
2.56 0.383
2.57 0.384
2.58 0.385
2.59 0.386
2.6 0.387
2.61 0.388
2.62 0.38
2.63 0.386
2.64 0.387
2.65 0.388
2.66 0.384
2.67 0.381
2.68 0.387
2.69 0.388
2.7 0.38
2.71 0.386
2.72 0.387
2.73 0.384
2.74 0.385
2.75 0.382
2.76 0.383
2.77 0.38
2.78 0.381
2.79 0.387
2.8 0.384
2.81 0.381
2.82 0.382
2.83 0.388
2.84 0.385
2.85 0.382
2.86 0.379
2.87 0.38
2.88 0.382
2.89 0.379
2.9 0.38
2.91 0.382
2.92 0.379
2.93 0.38
2.94 0.378
2.95 0.379
2.96 0.385
2.97 0.378
2.98 0.379
2.99 0.381
3 0.382
3.01 0.38
3.02 0.381
3.03 0.379
3.04 0.38
3.05 0.382
3.06 0.379
3.07 0.381
3.08 0.382
3.09 0.38
3.1 0.378
3.11 0.383
3.12 0.381
3.13 0.382
3.14 0.38
3.15 0.378
3.16 0.383
3.17 0.381
3.18 0.379
3.19 0.373
3.2 0.382
3.21 0.376
3.22 0.374
3.23 0.383
3.24 0.381
3.25 0.375
3.26 0.373
3.27 0.382
3.28 0.38
3.29 0.378
3.3 0.376
3.31 0.374
3.32 0.379
3.33 0.377
3.34 0.375
3.35 0.384
3.36 0.375
3.37 0.373
3.38 0.378
3.39 0.376
3.4 0.378
3.41 0.376
3.42 0.374
3.43 0.376
3.44 0.374
3.45 0.379
3.46 0.374
3.47 0.379
3.48 0.374
3.49 0.379
3.5 0.377
3.51 0.379
3.52 0.377
3.53 0.379
3.54 0.377
3.55 0.372
3.56 0.377
3.57 0.372
3.58 0.377
3.59 0.379
3.6 0.374
3.61 0.379
3.62 0.374
3.63 0.379
3.64 0.374
3.65 0.379
3.66 0.371
3.67 0.376
3.68 0.371
3.69 0.376
3.7 0.368
3.71 0.373
3.72 0.378
3.73 0.37
3.74 0.375
3.75 0.38
3.76 0.372
3.77 0.377
3.78 0.369
3.79 0.371
3.8 0.379
3.81 0.371
3.82 0.373
3.83 0.381
3.84 0.37
3.85 0.375
3.86 0.37
3.87 0.369
3.88 0.374
3.89 0.372
3.9 0.371
3.91 0.37
3.92 0.371
3.93 0.37
3.94 0.372
3.95 0.377
3.96 0.372
3.97 0.371
3.98 0.37
3.99 0.371
4 0.37
4.01 0.372
4.02 0.371
4.03 0.372
4.04 0.371
4.05 0.373
4.06 0.372
4.07 0.373
4.08 0.372
4.09 0.371
4.1 0.373
4.11 0.371
4.12 0.373
4.13 0.372
4.14 0.371
4.15 0.373
4.16 0.374
4.17 0.373
4.18 0.372
4.19 0.374
4.2 0.373
4.21 0.366
4.22 0.373
4.23 0.372
4.24 0.374
4.25 0.373
4.26 0.372
4.27 0.368
4.28 0.364
4.29 0.374
4.3 0.373
4.31 0.375
4.32 0.374
4.33 0.37
4.34 0.369
4.35 0.365
4.36 0.364
4.37 0.363
4.38 0.373
4.39 0.375
4.4 0.374
4.41 0.373
4.42 0.369
4.43 0.368
4.44 0.367
4.45 0.366
4.46 0.365
4.47 0.364
4.48 0.363
4.49 0.376
4.5 0.375
4.51 0.374
4.52 0.373
4.53 0.372
4.54 0.371
4.55 0.37
4.56 0.369
4.57 0.368
4.58 0.367
4.59 0.369
4.6 0.368
4.61 0.367
4.62 0.366
4.63 0.365
4.64 0.367
4.65 0.366
4.66 0.365
4.67 0.367
4.68 0.366
4.69 0.365
4.7 0.375
4.71 0.366
4.72 0.365
4.73 0.364
4.74 0.366
4.75 0.365
4.76 0.367
4.77 0.366
4.78 0.365
4.79 0.367
4.8 0.366
4.81 0.365
4.82 0.367
4.83 0.366
4.84 0.368
4.85 0.367
4.86 0.361
4.87 0.368
4.88 0.362
4.89 0.369
4.9 0.363
4.91 0.37
4.92 0.364
4.93 0.371
4.94 0.37
4.95 0.364
4.96 0.371
4.97 0.365
4.98 0.372
4.99 0.366
5 0.365
